0.0203638372477144
0.751097084255889
0.538932252209634
0.0446761194616556
0.331915652612224
0.810052244924009
0.853426804067567
0.520873569184914
0.684834568062797
0.530408054357395
0.723006728570908
0.321636680979282
0.416661129333079
0.513556592166424
0.569822686025873
0.219204691937193
0.756548126926646
0.320778966182843
0.107494446914643
0.534133794717491
0.601917781867087
0.0868844140786678
0.103371200151742
0.622393722180277
0.447495069354773
0.957223850302398
0.806953818537295
0.718095673015341
0.700325763085857
0.81707704695873
0.685983814531937
0.561148987384513
0.424989124992862
0.0144161749631166
0.300485324114561
0.499292139429599
0.636380737647414
0.48383656074293
0.29990560747683
0.639413667144254
0.122010706691071
0.295269012218341
0.880256028845906
0.232363757444546
0.0426822693552822
0.0872123944573104
0.362562400056049
0.61169080529362
0.661423473386094
0.85844573401846
0.25613860716112
0.965331861749291
0.301950472407043
0.245329439407215
0.513196794316173
0.352234828285873
0.145173957338557
0.475022355793044
0.467487575020641
0.987794937100261
0.950368975289166
0.00391845102421939
0.176011847564951
0.920046074083075
0.036490730708465
0.717398887965828
0.822184280026704
0.682988991262391
0.742851279210299
0.207879591966048
0.375892836600542
0.0449068401940167
0.479742245050147
0.146131639136001
0.225569434929639
0.395149485906586
0.126272768713534
0.545358259696513
0.103513455018401
0.368634872371331
0.0271152218338102
0.177489798050374
0.721093894215301
0.242865327745676
0.113532155985013
0.660400828812271
0.761336504714563
0.184692912967876
0.526336605660617
0.715847704093903
0.310120537178591
0.416197879938409
0.395497812191024
0.934890646021813
0.193871137220412
0.673397417413071
0.302914589410648
0.75093260104768
0.266221036668867
0.380283889826387