
4325
2125
3125
025
5525
1625
8925
12025
5225
1225
4225
7125
5525
10525
025
3625
3925
5525
3125
8925
5025
1025
925
4425
3525
7725
625
8125
11925
8725
5225
6125
4625
8925
725
1325
8125
1725
6625
10325
6525
825
9825
9625
625
10325
4225
8225
8225
11325
6225
7725
8525
7625
11125
6225
11525
1225
4025
9025
625
5025
525
5625
425
2725
8925
1025
10825
8625
3225
7825
7125
3825
6225
9425
8825
4425
1625
3625
3225
8125
3925
10225
1725
525
7925
5225
2425
7625
9425
10525
7925
3825
6125
5425
5625
3325
8125
7625
4725
325
11325
6425
12225
8925
4925
6725
425
6625
125
9625
225
9725
9325
1125
6125
5525
5225
1925
7025
2425
11225
8125
3725
5125
4825
6725
7025
8525
7225
2325
3025
3925
3925
4225
1425
2625
11725
4025
3325
5425
2225
9725
6325
10125
4525
10525
5625
4825