0.100239312509075
0.537468889728189
0.978646258357912
0.351383995963261
0.259553840849549
0.703243780881166
0.721656935289502
0.712859572842717
0.277963942149654
0.33470126055181
0.631224914686754
0.872423383872956
0.766544759972021
0.672149116871879
0.807935140561312
0.678873773198575
0.157226830488071
0.0117733189836144
0.521214314736426
0.259336548857391
0.142430128762498
0.187419780064374
0.389754571951926
0.127850238932297
0.168287519132718
0.6927225519903
0.0367864829022437
0.0810960012022406
0.695713631575927
0.244701849296689
0.607780166435987
0.0587166913319379
0.201468352694064
0.664745144313201
0.885662073502317
0.858009071554989
0.373005764791742
0.351555872242898
0.351993871852756
0.933842422673479
0.892370724352077
0.664289635140449
0.281737833982334
0.843154394067824
0.972983285784721
0.405226189177483
0.488590886350721
0.64358279062435
0.816298057325184
0.0678051649592817
0.397693890379742
0.151184567017481
0.911080767400563
0.756961965467781
0.864404479973018
0.370353336911649
0.00653779762797058
0.716497377958149
0.351939186220989
0.746145711047575
0.673455966170877
0.378237572265789
0.393504278501496
0.329191653989255
0.879182612057775
0.807203147793189
0.290341565385461
0.749614655273035
0.247582823736593
0.547646780731156
0.976250229636207
0.354571209521964
0.872617800720036
0.385346177266911
0.951407379936427
0.572329141432419
0.0513784645590931
0.425075391074643
0.410826963139698
0.362871329765767
0.527014143997803
0.472456210292876
0.445700282696635
0.382408216362819
0.471790339564905
0.699987866915762
0.217045991215855
0.629889352247119
0.311538586160168
0.664136754116043
0.678743610158563
0.811995990341529
0.244982296600938
0.737501006107777
0.57930299337022
0.207279773196205
0.721577110700309
0.497230081353337
0.41057255747728
0.379428467480466
