0.182818361325189
0.19139728625305
0.304957645013928
0.828189009334892
0.00687421462498605
0.159575355006382
0.0850772680714726
0.00246453494764864
0.14524997305125
0.561250626342371
0.988771002041176
0.374577240552753
0.458140440052375
0.79166144435294
0.363588376669213
0.424927864223719
0.70837236684747
0.23635559855029
0.777308028424159
0.912886390928179
0.934415434021503
0.746205184841529
0.462573531549424
0.844227392226458
0.539833513088524
0.944307157071307
0.230187365785241
0.512179946992546
0.677691938821226
0.701066303998232
0.217791124712676
0.942522420082241
0.709742305800319
0.160850687650964
0.16936845309101
0.704699591500685
0.576582874171436
0.725470015080646
0.386799939675257
0.8365431742277
0.396098716184497
0.449268342461437
0.760595838306472
0.315187037689611
0.575930605176836
0.312443725997582
0.408453248906881
0.227837903657928
0.903744282666594
0.920499027473852
0.575000494951382
0.83818826964125
0.0884832474403083
0.420113546075299
0.239807740552351
0.662614711094648
0.959790791850537
0.290456551127136
0.732077157124877
0.533751155249774
0.109958134358749
0.276045855134726
0.143090527039021
0.193279675673693
0.547234640223905
0.476309369783849
0.388379176845774
0.297870572656393
0.0961189505178481
0.650229634717107
0.819576741661876
0.647878838935867
0.577175797196105
0.459476205287501
0.801103014498949
0.16055113566108
0.0643889086786658
0.0970847569406033
0.513847552472726
0.165098362369463
0.502743406919762
0.858647369546816
0.63341953814961
0.904002095805481
0.487326249480247
0.0345048909075558
0.356661940924823
0.443661584286019
0.45063610910438
0.552445331588387
0.314235589234158
0.394709437852725
0.44250852544792
0.0222210213541985
0.766688358038664
0.557058357167989
0.0252353772521019
0.273573665646836
0.936355970799923
0.761191930854693
