0.703963381005451
0.35518950317055
0.363017832394689
0.432380591519177
0.0119360671378672
0.841803485993296
0.511064196005464
0.299848575843498
0.586322441231459
0.442280305782333
0.845994387287647
0.304465571185574
0.00114672468043864
0.00313779548741877
0.284349371911958
0.0870873413514346
0.194447178160772
0.500358991557732
0.657908937660977
0.834717659978196
0.417839606292546
0.0686921998858452
0.244249350624159
0.26588867069222
0.316501209745184
0.236890604253858
0.806498987134546
0.702470128890127
0.548199239186943
0.919148819288239
0.508809679886326
0.0934144579805434
0.878756289603189
0.558000531513244
0.675618277164176
0.0776137567590922
0.338025379925966
0.323081942275167
0.997430238174275
0.301736865658313
0.443827396957204
0.665411257185042
0.99030519882217
0.516068122116849
0.819359071552753
0.992699980270118
0.367374558234587
0.39768605469726
0.0436595173086971
0.636817145859823
0.762368626659736
0.0606179675087333
0.67807878786698
0.598833300871775
0.21839749882929
0.536911450326443
0.455687531037256
0.789207955356687
0.432534561026841
0.922544515226036
0.620861856034026
0.199479704722762
0.635550460079685
0.052664372837171
0.92642827401869
0.360855390783399
0.0250067319720984
0.779466187814251
0.655732619808987
0.21102353814058
0.54712076135911
0.971133663086221
0.950892977183685
0.76739447680302
0.253056776011363
0.973991614533588
0.465195964090526
0.106263986555859
0.458687049569562
0.959382547996938
0.684247556841001
0.645358941983432
0.245077298954129
0.316972499713302
0.502647931221873
0.533301790244877
0.996986656449735
0.135911149904132
0.418151254765689
0.991829740349203
0.215145765105262
0.781557969748974
0.920432481914759
0.553099242504686
0.113323212368414
0.617791349068284
0.36320229084231
0.522182329557836
0.120397771475837
0.0479684679303318
