0.858198372181505
0.380732383579016
0.14710372663103
0.663630397524685
0.706397405359894
0.943311500130221
0.980770363239571
0.118445571744815
0.147535355063155
0.569837365765125
0.457476718584076
0.474190334556624
0.228667959105223
0.698514282004908
0.0585324456915259
0.849739885656163
0.734967676457018
0.519734541652724
0.988546606618911
0.422252700896934
0.890209118369967
0.0378325174096972
0.488102215807885
0.0801061338279396
0.683696216205135
0.250171262072399
0.833286808570847
0.29456644365564
0.744187720585614
0.395585825201124
0.416329642990604
0.227073026588187
0.378196558216587
0.217960437759757
0.42977367178537
0.996055260300636
0.354580333456397
0.0817052430938929
0.36625423328951
0.0565052137244493
0.0308957090601325
0.248835427686572
0.429690199671313
0.131728397216648
0.590467927511781
0.611156759317964
0.733768451726064
0.814182291273028
0.566804504720494
0.967409774893895
0.967355574248359
0.0495471323374659
0.42784735863097
0.49261202220805
0.449614521116018
0.163162660086527
0.73850970598869
0.577718936372548
0.390838960185647
0.628383005270734
0.415079840226099
0.143508698325604
0.472695929231122
0.163778544636443
0.392316782614216
0.184161456301808
0.629137845942751
0.119006708962843
0.810538412770256
0.466824339702725
0.869617910124362
0.271328413626179
0.77862971322611
0.453830799553543
0.85977714182809
0.566278882324696
0.0735393208451569
0.0704537045676261
0.814414738444611
0.0740470963064581
0.710047402651981
0.594929121201858
0.324813947081566
0.0364006082527339
0.914409717079252
0.292894859332591
0.649857237935066
0.291615231428295
0.779932110337541
0.979979470605031
0.0289929904974997
0.0511302901431918
0.738294233335182
0.254243622068316
0.846460688626394
0.702938654227182
0.687927946913987
0.655030049849302
0.276682432740927
0.00364044588059187
