0.476866394979879
0.474790216423571
0.205464934231713
0.979272039141506
0.201610075775534
0.237434273818508
0.666949387872592
0.721555237658322
0.233859927859157
0.142071121139452
0.436798498732969
0.41978345438838
0.335243484703824
0.564754896098748
0.634239057311788
0.0432983112987131
0.911351911956444
0.0955272270366549
0.236638706875965
0.398053594166413
0.729033149778843
0.892742617055774
0.909721535397694
0.768770280526951
0.217277099145576
0.863845511805266
0.47765302984044
0.953251078724861
0.971364761469886
0.482352573191747
0.838354723528028
0.835452001309022
0.235845629358664
0.582828034181148
0.52238394645974
0.732145746937022
0.293492771452293
0.376977753359824
0.208158334251493
0.240306545980275
0.643832640722394
0.801891037030146
0.861233414383605
0.549535180209205
0.0740582451689988
0.451491351937875
0.0284094212111086
0.376024163560942
0.699109205044806
0.614142575766891
0.0756407876033336
0.510882825357839
0.648145175538957
0.0634326452855021
0.444084592862055
0.937806715024635
0.581346299732104
0.972438104916364
0.405342454556376
0.410159452818334
0.277972641866654
0.809762306278571
0.252914213575423
0.651865111198276
0.0266084922477603
0.9730739754159
0.386651027016342
0.155660658376291
0.339400977594778
0.171517325099558
0.158759056124836
0.808825650485232
0.567880496848375
0.824012099066749
0.418411472346634
0.333168321521953
0.0536185773089528
0.329590577166528
0.181964295683429
0.510729606729001
0.523285626200959
0.136497499188408
0.254196049645543
0.584025752497837
0.153867780696601
0.859425596427172
0.762713086558506
0.174743098672479
0.844582078745589
0.739478681702167
0.237810091814026
0.107864040648565
0.586351209785789
0.378071261569858
0.952664625132456
0.235781476134434
0.165262661175802
0.949092835187912
0.0206343540921807
0.681900771800429
