0.88926386507228
0.351438501849771
0.316201818408445
0.516650719102472
0.0872125611640513
0.804033502703533
0.971204516477883
0.642591496231034
0.917185089550912
0.214146806159988
0.705830906052142
0.639730179216713
0.489150366047397
0.744357658317313
0.911860350519419
0.424228354357183
0.70134051493369
0.733358812518418
0.235198693582788
0.258065236499533
0.484422814333811
0.554581544362009
0.665345242712647
0.16397645114921
0.433692443650216
0.0694654749240726
0.851827145088464
0.480427861446515
0.95257727894932
0.590982639463618
0.225604100618511
0.231969727668911
0.0625441099982709
0.0319158020429313
0.470500695519149
0.939994625514373
0.32577572343871
0.963806680170819
0.771801325725392
0.583074669120833
0.883159820456058
0.399365354795009
0.294051700504497
0.735207377932966
0.133443787228316
0.87837891979143
0.0277977574151009
0.10692510008812
0.333428226178512
0.0213801448699087
0.204909899970517
0.735353860072792
0.358031406765804
0.118159559322521
0.498117854585871
0.916280476609245
0.970534857595339
0.924206394469365
0.614015073981136
0.235253632767126
0.100909166736528
0.548265447141603
0.484089290024713
0.0129281624685973
0.725081133423373
0.527222149306908
0.0395792175550014
0.833997786510736
0.0869613394606858
0.00334589974954724
0.903264867840335
0.0564586555119604
0.749182936735451
0.945565851172432
0.290196463465691
0.737638725433499
0.211706594098359
0.507352143293247
0.447323382366449
0.752066420856863
0.767770264996216
0.3023847786244
0.48111261986196
0.5216757459566
0.623070338042453
0.176121692871675
0.344711112556979
0.263608912471682
0.01058120559901
0.623271188233048
0.979231829522178
0.281011902494356
0.485703636659309
0.346383522963151
0.856484333518893
0.176502731861547
0.94766306807287
0.623198711778969
0.308430931065232
0.792417316231877
