0.434447093168274
0.347441326128319
0.698883115546778
0.452717590145767
0.111904563847929
0.198876664275303
0.496626635780558
0.818125174380839
0.112312198383734
0.755030063213781
0.206156044499949
0.0632705132011324
0.0367999239824712
0.993153210030869
0.73469376959838
0.828340424457565
0.792918097227812
0.165753165958449
0.327130366582423
0.876698249252513
0.045014281058684
0.845471694367006
0.161229376448318
0.390932360431179
0.420819757739082
0.476751861628145
0.771942839957774
0.713995403843001
0.438136333832517
0.855417629005387
0.430866368347779
0.217041398864239
0.931943912291899
0.71945805544965
0.992910625645891
0.919101465027779
0.956162802642211
0.233462868724018
0.548065577633679
0.466302956454456
0.00857790955342352
0.568502906011418
0.878798280842602
0.527256338857114
0.780586855951697
0.591077637160197
0.361160806380212
0.502716211136431
0.624029361642897
0.657716667745262
0.148792556254193
0.986884978134185
0.701324592344463
0.068100972333923
0.276175687089562
0.80118992482312
0.199359323130921
0.818524808622897
0.102537357015535
0.265864987159148
0.0968004046007991
0.806468427646905
0.433960522292182
0.78837454598397
0.35926255164668
0.896300270222127
0.743943198816851
0.0799197820015252
0.715996409067884
0.742733410093933
0.835382727207616
0.366661712992936
0.34178428305313
0.112088763620704
0.563678072299808
0.730742992134765
0.628025834448636
0.734888846753165
0.444108442869037
0.760126319946721
0.034389681648463
0.875439091119915
0.116874394007027
0.00200419337488711
0.609199330909178
0.200399318011478
0.204428949160501
0.326888171955943
0.715652063023299
0.92769710207358
0.869588791858405
0.475027431268245
0.266896610846743
0.258923102868721
0.600506203947589
0.672358164330944
0.676217234926298
0.0241428930312395
0.905335509218276
0.0494098796043545
