0.583569727605209
0.891764268511906
0.167421092744917
0.685611386783421
0.848866923479363
0.826159455114976
0.383943700697273
0.829403625801206
0.445327420486137
0.454654873348773
0.896235928637907
0.767206601332873
0.934578255517408
0.638434910215437
0.0342352653387934
0.39150161202997
0.109896366950125
0.505504647735506
0.0766616195905954
0.753514697309583
0.4852501580026
0.81604266539216
0.161488426383585
0.630817659199238
0.743997883750126
0.894347010413185
0.546933121280745
0.267534786602482
0.381105516804382
0.82608408969827
0.599750922759995
0.385975496377796
0.612198100890964
0.971617135219276
0.768815681803972
0.578064068686217
0.006511933170259
0.477033047005534
0.0853277344722301
0.851276950677857
0.861427765572444
0.489885660586879
0.898641700390726
0.587724382523447
0.661362992366776
0.358706922270358
0.332155793672428
0.325994930462912
0.488540075719357
0.499810595996678
0.380408423021436
0.270627260673791
0.377357460558414
0.85607310780324
0.000551770906895399
0.117206673836336
0.772123977309093
0.480898305540904
0.635382153326645
0.521216260734946
0.238984401803464
0.767564555164427
0.223953555803746
0.688020318048075
0.957351987017319
0.542305382201448
0.305468577891588
0.857685150112957
0.155038728611544
0.538219779729843
0.450170344440266
0.613849181914702
0.528177774976939
0.388710601022467
0.901186135597527
0.398838030640036
0.776896559400484
0.651534313336015
0.925883919233456
0.255293898517266
0.0188192764762789
0.574389515677467
0.352929508546367
0.984074092004448
0.778514685109258
0.405683582415804
0.113814939279109
0.625284779584035
0.736130567267537
0.206541227176785
0.1223321238067
0.128079099580646
0.806356079643592
0.666517120553181
0.294319752370939
0.741698611294851
0.248273073928431
0.56551810586825
0.750180889619514
0.808095444459468
