0.3087143804878
0.701167368795723
0.32901583542116
0.134968937141821
0.0727290147915483
0.86064542341046
0.984472105046734
0.232127567753196
0.671955249737948
0.793429051991552
0.905873741721734
0.0948400089982897
0.932380823884159
0.523514598608017
0.867016403004527
0.914947676472366
0.469447093550116
0.227272628108039
0.408459122292697
0.833133562933654
0.44600611878559
0.93085534311831
0.181129968492314
0.419165512314066
0.899134120205417
0.285175871336833
0.517939654411748
0.762431465787813
0.234318413306028
0.713493928313255
0.94306070334278
0.404651290271431
0.908811621367931
0.707179445540532
0.993829691316932
0.881257517496124
0.0384636067319661
0.848754923092201
0.557159166084602
0.421064091846347
0.590735232224688
0.0453685284592211
0.341938410652801
0.412487153895199
0.469370480859652
0.192416351987049
0.513167455559596
0.742442654678598
0.408078015549108
0.595902604050934
0.615674910135567
0.34631915204227
0.176181506365538
0.349338101688772
0.73899740469642
0.930866430746391
0.899243551306427
0.568575494922698
0.964477906469256
0.48297078255564
0.919794989516959
0.96147004654631
0.997439526952803
0.799520431784913
0.543241172796115
0.624789898749441
0.182642157189548
0.501481086947024
0.31801258190535
0.101766171166673
0.468775412300602
0.581978872185573
0.936023402027786
0.0524460189044476
0.891833999892697
0.878788589732721
0.312421412207186
0.812337346142158
0.996329564368352
0.291936825262383
0.404127438785508
0.53056002012454
0.36134944926016
0.672538042068481
0.936045835027471
0.390060640871525
0.839908583788201
0.229872677242383
0.293784034671262
0.301341030048206
0.549943161895499
0.835351078538224
0.668687304016203
0.216371335554868
0.467454150784761
0.63787228660658
0.121483110124245
0.468743219273165
0.496871010167524
0.553731168620288
