0.562429485376924
0.106440880335867
0.875254267826676
0.467927036108449
0.210711754625663
0.604078467935324
0.625290616415441
0.640731410356238
0.629964135354385
0.35791553533636
0.270214328309521
0.422320032259449
0.256427244981751
0.894258207175881
0.816773633938283
0.142298854188994
0.473883295431733
0.337581331608817
0.178329908289015
0.627978371456265
0.89182947203517
0.483292351709679
0.498510115547106
0.623386694816872
0.555247030220926
0.236465004272759
0.584029767429456
0.824172440450639
0.0233424247708172
0.418292899150401
0.516181189101189
0.504724328871816
0.192665492650121
0.0457088889088482
0.01461465889588
0.579978720052168
0.319112024269998
0.301994585199282
0.149204894434661
0.651318953139707
0.489278515102342
0.442081082845107
0.507700086571276
0.463444135617465
0.622733635595068
0.972711925627664
0.756693759467453
0.695985041093081
0.821148499846458
0.476564461831003
0.142561147222295
0.870197377633303
0.0377160250209272
0.376320747192949
0.802935588406399
0.449126168852672
0.85116690560244
0.35636044992134
0.34905140590854
0.242126219440252
0.405716627836227
0.712218709755689
0.990049825282767
0.245002512354404
0.903964344179258
0.444093430880457
0.637500890530646
0.750609190901741
0.732862966600806
0.308428706601262
0.70236240979284
0.929605129407719
0.741450793575495
0.301232036668807
0.18294539116323
0.556523191742599
0.330993647221476
0.142880867933854
0.662707901094109
0.633035033941269
0.368019607150927
0.872540305368602
0.207165733445436
0.768972885562107
0.15231218514964
0.135442322585732
0.838986612623557
0.481257326435298
0.945190359838307
0.913041485473514
0.00172870210371912
0.664287938037887
0.266175605589524
0.766286331694573
0.506964043714106
0.935058257775381
0.677030015271157
0.736758059123531
0.655938277952373
0.301324367756024
