0.800769890425727
0.297821249114349
0.974325141170993
0.965164897032082
0.837442140327767
0.595986867556348
0.231321153696626
0.685844518477097
0.790318939834833
0.96310307411477
0.681543034967035
0.197575358208269
0.88855488691479
0.0294309258460999
0.0999177068006247
0.182240885682404
0.857542449841276
0.0597189217805862
0.104938704986125
0.645660546608269
0.344507347792387
0.893041213275865
0.511511375661939
0.636504838243127
0.20692597841844
0.102467225398868
0.0290898319799453
0.492109280312434
0.774840919766575
0.830876169726253
0.620811346452683
0.105185985565186
0.68134788214229
0.0259984501171857
0.431497687473893
0.715170252369717
0.764874011278152
0.672049984801561
0.643004956422374
0.14837532886304
0.359391702571884
0.360541527159512
0.576163273537531
0.438557584770024
0.0260904477909207
0.836596833309159
0.365200960310176
0.314324137289077
0.0862785158678889
0.949704888509586
0.244255173252895
0.9625239004381
0.0508218838367611
0.495058804983273
0.252835135208443
0.341210575308651
0.407481369096786
0.754047607537359
0.702108360594139
0.0524346642196178
0.153031635796651
0.60317576979287
0.517045576591045
0.520369602367282
0.118371746735647
0.579665338620543
0.359462524531409
0.0975533663295209
0.531972673488781
0.307818866334856
0.400628484319896
0.521684176288545
0.431299374438822
0.0515116404276341
0.810184675967321
0.159465527394786
0.559738282812759
0.9627464346122
0.676892303396016
0.666002408135682
0.716579661238939
0.395101939095184
0.683383583091199
0.675883690593764
0.203878577100113
0.755207844078541
0.190379283390939
0.907635188195854
0.857137811370194
0.548193743219599
0.379692172864452
0.820697942981496
0.129259543726221
0.726312729995698
0.305419572629035
0.793343446915969
0.749960010638461
0.904624539427459
0.375053186435252
0.836784879444167
