0.601843283511698
0.259627662133425
0.184536720626056
0.98213321971707
0.354671168373898
0.959514948306605
0.0864048090297729
0.606420953758061
0.689969477476552
0.95428241789341
0.81629860214889
0.54663628549315
0.602963665733114
0.0864521295297891
0.234691167250276
0.598225312307477
0.848059030016884
0.379574562190101
0.181683288421482
0.38776918547228
0.994667175458744
0.735718791605905
0.122107280185446
0.908957574283704
0.131151798181236
0.724341621855274
0.0801432819571346
0.35231835837476
0.451859914930537
0.272740497952327
0.846391846891493
0.546330311102793
0.826154619455338
0.203685726504773
0.445539803477004
0.276218259707093
0.928917685290799
0.16179119492881
0.0984433982521296
0.897610174957663
0.682879265630618
0.844543145503849
0.566922386875376
0.159416964044794
0.663411800982431
0.583035525633022
0.952120260102674
0.539167636306956
0.393761598272249
0.609343780204654
0.543336782138795
0.674295197008178
0.560536346165463
0.959222503006458
0.592376152286306
0.431874973233789
0.428375176852569
0.853534821188077
0.693743498530239
0.861955395434052
0.81995980697684
0.359013103414327
0.0107311641331762
0.214640128891915
0.230031143641099
0.559297137660906
0.035704649053514
0.214467655634508
0.345589619129896
0.938645598944277
0.346779088722542
0.858937298879027
0.110213956097141
0.00696995202451944
0.940135447541252
0.260742142796516
0.49641895852983
0.79400805872865
0.549693133449182
0.420356936287135
0.873618377139792
0.417770131956786
0.659640576690435
0.632391543360427
0.363250698428601
0.421857344685122
0.80205748253502
0.00397563935257494
0.126876132329926
0.651909762527794
0.796877983259037
0.683176305610687
0.927500378340483
0.061467767925933
0.00930695957504213
0.647136704064906
0.504192022839561
0.377575987251475
0.923413001932204
0.133630456170067
