0.219011048320681
0.352908562170342
0.551409428939223
0.939420616719872
0.721420112997293
0.876557142939419
0.825687331380323
0.0742764172609895
0.791421616449952
0.670110237319022
0.70900510950014
0.00995075283572078
0.0347041990607977
0.771737282862887
0.349155447212979
0.706414778949693
0.69684525555931
0.963903553318232
0.782425021752715
0.474439424229786
0.354019701480865
0.490778348175809
0.19173873309046
0.226941439090297
0.954885474639013
0.966061596758664
0.117523112334311
0.913462132913992
0.531160685932264
0.745183356571943
0.977893939008936
0.280445622745901
0.880364651558921
0.0790011065546423
0.173051061341539
0.573186324443668
0.939870375907049
0.199582439381629
0.864378917962313
0.833348958287388
0.331614479888231
0.294178797164932
0.216459561605006
0.9737302523572
0.015283873071894
0.461871913168579
0.954785663867369
0.574705192120746
0.223167037591338
0.82783851120621
0.913252223515883
0.704467980889603
0.366828735684976
0.334323673509061
0.377862900029868
0.262060895329341
0.136953023727983
0.476872919825837
0.935310277389362
0.296470840228721
0.810370271094143
0.107368587749079
0.0815278983209282
0.780129003804177
0.339794803643599
0.190123186213896
0.1610530433245
0.0163906621746719
0.920215307502076
0.821667383657768
0.535472831921652
0.26242610020563
0.459003565367311
0.882243713131174
0.60641852254048
0.804987156530842
0.171658854698762
0.94772893958725
0.251827114028856
0.414459880674258
0.902679127175361
0.0736185065470636
0.418754938291386
0.20323058986105
0.340920110465959
0.118277623085305
0.566680336603895
0.740094706183299
0.0288727397564799
0.513665081234649
0.080666980240494
0.285301203140989
0.18508388963528
0.554009129060432
0.930289272218943
0.49465917586349
0.471215878380463
0.847644542576745
0.512780626071617
0.532616220414639
