0.263859902741387
0.0537699174601585
0.0989692199509591
0.326146366540343
0.58047424769029
0.288150029955432
0.926091620698571
0.581136505817994
0.490877758013085
0.123361499747261
0.792264046845958
0.533557680435479
0.741809417493641
0.586562813259661
0.24660240765661
0.865979667520151
0.151521945139393
0.481416024500504
0.540224207099527
0.375528723932803
0.693135504378006
0.638126528589055
0.14915246842429
0.677603750722483
0.90376597084105
0.0774277169257402
0.452454739715904
0.169348067138344
0.217456354759634
0.168599592288956
0.854269851231948
0.304004211211577
0.915274027036503
0.331905521452427
0.605679767206311
0.829231744632125
0.352575588040054
0.972098998026922
0.0382508609909564
0.0128957512788475
0.420355339534581
0.861108756856993
0.165978669421747
0.0585170942358673
0.0521490620449185
0.00250973855145276
0.43436090531759
0.343805400421843
0.961098597152159
0.750987567473203
0.663800565525889
0.262578866910189
0.738724945578724
0.47908616065979
0.571418827399611
0.891030555823818
0.772139871958643
0.754282277543098
0.376387978438288
0.177300030831248
0.00436304276809096
0.223254350479692
0.00568549521267414
0.800405009882525
0.970901315100491
0.0300228043925017
0.939069477608427
0.315003100549802
0.277207406237721
0.0759210635442287
0.96814603311941
0.857069801306352
0.0327639924362302
0.543805871391669
0.917818335350603
0.363898121751845
0.954474400030449
0.437146223383024
0.429699193220586
0.704998387256637
0.531979329651222
0.592661310452968
0.168576775351539
0.23052940168418
0.605007628444582
0.590215124189854
0.903122967807576
0.393634557025507
0.121089782798663
0.523386085871607
0.92542713531293
0.330868048127741
0.27387543907389
0.758059721207246
0.336316213943064
0.420369455125183
0.126831463770941
0.37139610061422
0.711390456184745
0.834165092092007
