0.177723694127053
0.185140792280436
0.791304329410195
0.433787574060261
0.19519199966453
0.881985264830291
0.594166734721512
0.741651651915163
0.809588311240077
0.7036168188788
0.17598918825388
0.128892028471455
0.42360237846151
0.93353683501482
0.739013797137886
0.849680054700002
0.620359500870109
0.561770810279995
0.147445190697908
0.25315995933488
0.570844068191946
0.452802918618545
0.135984518099576
0.25247103208676
0.632383417570964
0.790972127811983
0.948620083276182
0.0237661118153483
0.586152106290683
0.379763297270983
0.747499167919159
0.131221991730854
0.453250580932945
0.62354590347968
0.923266762634739
0.805901692947373
0.214354438940063
0.500626008026302
0.352249845396727
0.87527537276037
0.00234912964515388
0.722041020635515
0.817270677769557
0.0165212347637862
0.121549096656963
0.210591788636521
0.555339012062177
0.597124221734703
0.539664410287514
0.765327949542552
0.332739553647116
0.111994814127684
0.735125525621697
0.829983475152403
0.283034134889022
0.337377616204321
0.727625432191417
0.645095856394619
0.692293284926564
0.286476593697444
0.235886665293947
0.974743482889608
0.278805705718696
0.877153811510652
0.316310085123405
0.69236996001564
0.899352074600756
0.681122023845091
0.268763602012768
0.951949636684731
0.727995973778889
0.839625121792778
0.213707064045593
0.0334649384021759
0.512717715697363
0.253875815542415
0.0623843607027084
0.130268651293591
0.790174126625061
0.969409908400849
0.951542843133211
0.940363417146727
0.470802082680166
0.996128778439015
0.444265092723072
0.433383429422975
0.862101163482293
0.569132700329646
0.23524259054102
0.158393629826605
0.506921543506905
0.0673718117177486
0.224826466757804
0.154517863877118
0.390324691310525
0.457484513521194
0.843398227356374
0.406814780086279
0.935293174581602
0.555120361736044
