0.110652368282899
0.754522245610133
0.759162406204268
0.474560964852571
0.740393791813403
0.948811426525936
0.0584571354556829
0.958086736965925
0.306725893868133
0.666159579530358
0.297443557530642
0.0486049072351307
0.75888583669439
0.662496895063668
0.024052390595898
0.531141112558544
0.188482361380011
0.40481953532435
0.855875795707107
0.499381117289886
0.352159099420533
0.349209934240207
0.778508398449048
0.518107417970896
0.4710860226769
0.806853608926758
0.567771079950035
0.736915929010138
0.797473587794229
0.220889754127711
0.759920892771333
0.194642896298319
0.151810699375346
0.244493740145117
0.470649905735627
0.4831086860504
0.330264687770978
0.0648105482105166
0.261105957441032
0.102881226921454
0.378232569200918
0.505541095975786
0.506716300267726
0.0541329293046147
0.245170893613249
0.833463683025911
0.0475563269574195
0.59450755501166
0.72208532737568
0.678728460567072
0.526970208622515
0.213593958411366
0.205665314570069
0.362864837283269
0.673775251023471
0.449050964321941
0.834331791382283
0.398707361659035
0.216532802209258
0.63200599164702
0.514299661153927
0.79477006662637
0.61873692041263
0.427020662464201
0.724844053154811
0.142910306109115
0.579599556745961
0.635808780556545
0.504799812566489
0.333291814196855
0.0169079848565161
0.386852548923343
0.326293061953038
0.942345408722758
0.73276023985818
0.876015598420054
0.641993681900203
0.91999341850169
0.827854096191004
0.705118295736611
0.242536985781044
0.98665178893134
0.261198641499504
0.346822755178437
0.689167600357905
0.523795182118192
0.918388104997575
0.188793551176786
0.018491666065529
0.125779343536124
0.00736771197989583
0.615644251462072
0.186574357794598
0.967863185796887
0.48983092373237
0.685410973615944
0.578560886206105
0.524457641411573
0.39836882869713
0.380498612998053
