0.732976571656764
0.448650761274621
0.351870233658701
0.150265733478591
0.0971663848031312
0.250738982809708
0.172528885537758
0.845372760435566
0.350010719383135
0.200989848235622
0.801938585704193
0.970052568940446
0.638934426009655
0.239358828403056
0.316784250549972
0.540414251154289
0.375410820823163
0.279408424627036
0.131019413471222
0.241472573485225
0.563470737310126
0.749222337966785
0.355334355263039
0.744294504635036
0.558281948789954
0.771779478527606
0.1528678718023
0.0894397555384785
0.759961802279577
0.616101680090651
0.385601615533233
0.179834495298564
0.726459123659879
0.518500996986404
0.909457446308807
0.772750216303393
0.124132689787075
0.0553907651919872
0.390707571757957
0.89593437477015
0.784793023951352
0.181526276748627
0.991406315937638
0.0222082938998938
0.165718493051827
0.288586602779105
0.451153403148055
0.209602101938799
0.374324886593968
0.35269722272642
0.126404874958098
0.674264053581282
0.127236071275547
0.832458514953032
0.656021782429889
0.726115892641246
0.724706768291071
0.390721622155979
0.497006937628612
0.909255164908245
0.461866198340431
0.7952623993624
0.565268905367702
0.0331784680020064
0.743479383876547
0.980997743317857
0.311165176564828
0.621961089782417
0.78871602169238
0.315399899147451
0.334414949873462
0.272183312335983
0.696115785744041
0.823896237649024
0.849018429173157
0.914761208929121
0.6650372648146
0.143002563854679
0.929677256615832
0.853892111917958
0.522812027484179
0.988822759361938
0.840433013625443
0.832001111935824
0.575501950457692
0.105924814706668
0.522219963138923
0.0251624675001949
0.894921113271266
0.314152193255723
0.278652237495407
0.785751282703131
0.345375124365091
0.736576955765486
0.165390858892351
0.877245597541332
0.857981114415452
0.524358934955671
0.8147515184246
0.372610063292086
