0.29765262757428
0.158058652887121
0.738449117401615
0.107366336975247
0.371585335116833
0.60695204208605
0.0052810744382441
0.435258510522544
0.268949608085677
0.904349573655054
0.175053058657795
0.129996481817216
0.369073428446427
0.53118980419822
0.0448581166565418
0.463092234218493
0.859510609647259
0.101120017468929
0.0638546599075198
0.179556855931878
0.998127045342699
0.161517986794934
0.731417830102146
0.283533841371536
0.507723433431238
0.0237770404201001
0.25032136682421
0.82925675669685
0.311921323416755
0.467533723684028
0.683807502966374
0.291594122070819
0.90507476683706
0.361272484529763
0.404224158264697
0.725588576402515
0.125107853207737
0.40242967614904
0.166589586995542
0.973597601056099
0.124945080606267
0.300421739928424
0.674294227268547
0.0917625192087144
0.758564298041165
0.830834524473175
0.119795101229101
0.54448887007311
0.20492043113336
0.48539774492383
0.121478203684092
0.240845592226833
0.728505408391356
0.929940001107752
0.658786008600146
0.961456813849509
0.173505380051211
0.865625262493268
0.272879698313773
0.73931334586814
0.129649982554838
0.527582698035985
0.422338568838313
0.619550904259086
0.195075454888865
0.885544009972364
0.802696330705658
0.110564258415252
0.622929066652432
0.915784045355394
0.7817840911448
0.269125993829221
0.0801662148442119
0.634209045907483
0.995426516514271
0.813630332006142
0.972143213497475
0.740096131339669
0.983171871863306
0.223674813983962
0.12833711062558
0.0184063552878797
0.434466525912285
0.596020528348163
0.931187510490417
0.358594096032903
0.0250633251853287
0.1221224416513
0.7843620297499
0.162521329941228
0.593899927567691
0.0881536335218698
0.873691561399028
0.752198999514803
0.270958283450454
0.767106475075707
0.0831191295292228
0.762738074176013
0.876817749347538
0.78170407586731
