0.525211445055902
0.750183324329555
0.471957795321941
0.443702060729265
0.470586769049987
0.376966375624761
0.874321778537706
0.475277688354254
0.268174085998908
0.855311390943825
0.417856589891016
0.97346860752441
0.25881599355489
0.0961005461867899
0.22080252179876
0.027906269999221
0.587091688765213
0.194118378683925
0.0958167659118772
0.576297007966787
0.0242837560363114
0.35815621400252
0.0861890295054764
0.505945545388386
0.92282431316562
0.340665355557576
0.00194547302089632
0.229023259831592
0.450293966569006
0.321606152225286
0.293406485579908
0.476802870165557
0.89255078881979
0.242550703929737
0.932208384852856
0.489545053802431
0.226323810173199
0.304306941805407
0.0342669261153787
0.389228659914806
0.63251775293611
0.611824933672324
0.561229525832459
0.595200576819479
0.478251132182777
0.600833841832355
0.579654198838398
0.0135223648976535
0.410272971959785
0.507387547753751
0.856481285765767
0.501075220294297
0.29178080917336
0.0910913003608584
0.965284156845883
0.563527724239975
0.719915997236967
0.116657139733434
0.888401217292994
0.906410408206284
0.744806421920657
0.659835173049942
0.834716275567189
0.940412629162893
0.433560849167407
0.669663522159681
0.471270176116377
0.263750386890024
0.398803043412045
0.201669373782352
0.996543304529041
0.475366138387471
0.905529596609995
0.798450392438099
0.544163614977151
0.970102940453216
0.616735115414485
0.580910056363791
0.690456792479381
0.220141568453982
0.457605110481381
0.365636379923671
0.0175818232819438
0.999904763652012
0.880060813156888
0.380306347738951
0.634211142314598
0.244909603381529
0.347976054996252
0.180515290470794
0.15186546719633
0.807194118620828
0.594414260238409
0.528665099292994
0.557841153815389
0.929000638891011
0.817097534192726
0.731380943208933
0.999002204043791
0.594215961871669
