0.379943846724927
0.0376375326886773
0.595612705685198
0.316892517963424
0.529496992472559
0.858836294850335
0.446408967953175
0.332277491688728
0.681324142264202
0.00631212652660906
0.897605981212109
0.247324745170772
0.769875026075169
0.71970456535928
0.219743046443909
0.578603054396808
0.721926297526807
0.250061567872763
0.100084457080811
0.3529797650408
0.593760012183338
0.868171114707366
0.989476299611852
0.87987639894709
0.122233836445957
0.770938000408933
0.320293202996254
0.691006208071485
0.790149327600375
0.861482102191076
0.339451035950333
0.498954855371267
0.524886352010071
0.890385167207569
0.139414925826713
0.250441984506324
0.409608435584232
0.846802159911022
0.0303808560129255
0.424588663736358
0.786008140305057
0.960620026802644
0.843984817853197
0.735910628456622
0.0442829679232091
0.50327321072109
0.624492239672691
0.507375748362392
0.531973824836314
0.164518364705145
0.566467839060351
0.0869936037342995
0.904445121530443
0.340863857185468
0.467394521925598
0.576255498919636
0.32728914078325
0.417248419485986
0.862851263489574
0.959366273367777
0.513519450090826
0.688681500498205
0.642389261163771
0.596512485062703
0.000845690723508596
0.773211633786559
0.726421853993088
0.0689575311262161
0.391578864771873
0.628064842894673
0.402813952649012
0.137016413034871
0.309815000509843
0.594361298251897
0.671288729645312
0.536190229468048
0.448187184054404
0.224320041015744
0.903717723907903
0.789461761945859
0.422333654947579
0.367986958473921
0.251213574316353
0.18905072263442
0.29243517271243
0.755586177809164
0.0256518134847283
0.314643427263945
0.386042691767216
0.0479053286835551
0.422306813998148
0.887064838781953
0.905730820726603
0.92861336376518
0.284772269893438
0.1851350388024
0.0187276871874928
0.213777576340362
0.291955152060837
0.437101297546178
