0.259086079662666
0.162589440820739
0.0978379605803639
0.870747470064089
0.834104897920042
0.724957662867382
0.167856150306761
0.223660724936053
0.224169261753559
0.460210835561156
0.167224993230775
0.602926887571812
0.797112591797486
0.74928854778409
0.430682171368971
0.479577452177182
0.0834548678249121
0.661951877176762
0.702914669178426
0.0193539552856237
0.831736454507336
0.258275082567707
0.358310102950782
0.550222348654643
0.0226188250817358
0.551067549735308
0.70283014094457
0.0374794870149344
0.886755658546463
0.615201732842252
0.739900674438104
0.311810799175873
0.948561039520428
0.279311372200027
0.837314553558826
0.880783374421299
0.21467104437761
0.912964878138155
0.356352002359927
0.435087583959103
0.687673262320459
0.113665411947295
0.370532038155943
0.669069901108742
0.577512767864391
0.85865829885006
0.787729142932221
0.269457149319351
0.226541185751557
0.804272241191939
0.838262151461095
0.16057903575711
0.777497548377141
0.398982817772776
0.00265278550796211
0.780836445977911
0.413174216868356
0.197619119193405
0.320596358273178
0.919911618810147
0.61299959779717
0.154859838075936
0.996089356718585
0.611844456056133
0.279081829125062
0.738720794674009
0.761817845283076
0.070199184352532
0.0670626740902662
0.822621777188033
0.0251098845619708
0.786174981389195
0.449772926978767
0.854428039398044
0.260864034760743
0.88858087384142
0.00353620713576674
0.339552151970565
0.797035692026839
0.46003039018251
0.305538437096402
0.344583324389532
0.115009956993163
0.655699185328558
0.309754648944363
0.959721091436222
0.488234127406031
0.641733816126361
0.945089665940031
0.50183716067113
0.859330875100568
0.677259516669437
0.705102048115805
0.780038885073736
0.557549857534468
0.276334893191233
0.925217697629705
0.366158733144403
0.365678313421085
0.839675928931683
