0.974730940070003
0.803647681837901
0.0703694967087358
0.595507577061653
0.573451692936942
0.42407516669482
0.336105973925442
0.246710436884314
0.592950593912974
0.145069689722732
0.222145204199478
0.945538829313591
0.839037168771029
0.460377817507833
0.994129923172295
0.987551160156727
0.338555309921503
0.272693295963109
0.722504372475669
0.303080528043211
0.845130901550874
0.266478172503412
0.527140882331878
0.540391585091129
0.903535960474983
0.224973952164873
0.828059938969091
0.336557439994067
0.186295286519453
0.779351285193115
0.06593669927679
0.52214932302013
0.0914243545848876
0.220355363795534
0.179586588870734
0.404298987705261
0.220496855676174
0.986225000815466
0.583940120181069
0.497692773351446
0.74386285035871
0.66825915616937
0.0005883255507797
0.922619473421946
0.817750125424936
0.50286803394556
0.998684652615339
0.155114022782072
0.5570133542642
0.750506647862494
0.893370019737631
0.791556258918718
0.295176535611972
0.772145701106638
0.699055711505935
0.153928432613611
0.557450934778899
0.358265105867758
0.234279762255028
0.745200621429831
0.902661332162097
0.284558436833322
0.522170196054503
0.574087138054892
0.235938363941386
0.582581030437723
0.113445582101122
0.406734497984871
0.561069980496541
0.323604050790891
0.98710338701494
0.766417898470536
0.820756072411314
0.416985406773165
0.563024378847331
0.497612729202956
0.0175098630134016
0.105132326483727
0.298124485416338
0.185953917680308
0.580776511691511
0.00972819421440363
0.0122290791478008
0.897742906119674
0.65932786418125
0.868006262229756
0.808802890591323
0.862200895324349
0.0347823319025338
0.483847107738256
0.467627184465528
0.818658288102597
0.211196564603597
0.168677246663719
0.0451593184843659
0.176333565963432
0.670852290233597
0.0219603485893458
0.331771610071883
0.53023236989975
