0.995872140396386
0.0816306639462709
0.283531208289787
0.835860556690022
0.134733872720972
0.893265700200573
0.650325291557238
0.797988695092499
0.631571464240551
0.0472173311281949
0.316331979585811
0.827351809246466
0.467313076602295
0.0243811018299311
0.98363230144605
0.0137526046019047
0.524851748486981
0.808099144138396
0.576794704888016
0.633058301405981
0.311541971284896
0.114038694649935
0.491658925777301
0.567020422313362
0.194880979601294
0.636422113748267
0.852193030063063
0.0638287053443491
0.334967848611996
0.290546029573306
0.932813517050818
0.791224092943594
0.814455159706995
0.198458458995447
0.11581230442971
0.0829997947439551
0.689110351027921
0.615550104295835
0.774612896377221
0.670820830389857
0.388459637295455
0.0481618281919509
0.85859313304536
0.399281050544232
0.711024147225544
0.701061568455771
0.42940824967809
0.358991242246702
0.196409702068195
0.454557570861652
0.143338977126405
0.021718266652897
0.9252152252011
0.795004106825218
0.385862764669582
0.565483638783917
0.702685012947768
0.132857837714255
0.675150051480159
0.0233926605433226
0.415323697496206
0.691597602330148
0.930796952918172
0.473974305437878
0.420569507870823
0.754217910347506
0.0583152517210692
0.526763787027448
0.296724024694413
0.500528834294528
0.718399272067472
0.687486990820616
0.0391740505583584
0.694958914536983
0.811134002404287
0.205450396053493
0.781976186670363
0.737595787504688
0.452520934864879
0.485938569996506
0.496769481804222
0.246149003738537
0.494898966513574
0.412703765090555
0.544610523618758
0.102297411998734
0.340920004760846
0.62743663135916
0.877774212509394
0.54839905560948
0.0127807708922774
0.46920700580813
0.076626613503322
0.785683964379132
0.468015971593559
0.778370713582262
0.991128501249477
0.392329968046397
0.976763613056391
0.644805961288512
