0.148049669573084
0.162412561010569
0.935130622237921
0.45760428882204
0.594950063619763
0.0578515278175473
0.907531813718379
0.117939794436097
0.357512240996584
0.840832437388599
0.813188853440806
0.736081183189526
0.149979303823784
0.429163180990145
0.879834813764319
0.64469097671099
0.518471786519513
0.607136339647695
0.00772693194448948
0.221279953140765
0.232274404959753
0.242434839019552
0.929472006857395
0.793796949321404
0.279250379651785
0.939095488283783
0.71101612993516
0.0652965267654508
0.217716809362173
0.256441773148254
0.0729102899786085
0.757713176310062
0.104111781809479
0.712545985821635
0.284937912132591
0.632902439218014
0.741708094486967
0.248911220580339
0.351548336446285
0.295505923917517
0.286304934183136
0.429191339993849
0.685959156835452
0.883831364102662
0.897503038868308
0.782558547798544
0.7826639697887
0.663609199924394
0.580800225492567
0.582837014459074
0.824731088709086
0.900167011888698
0.844400241738185
0.270309654064476
0.130795119330287
0.935576100368053
0.827059470349923
0.0534573122859001
0.249931688187644
0.686027553630993
0.0263994354754686
0.211693617049605
0.797705418663099
0.156662666238844
0.987897366285324
0.151822405634448
0.588112764758989
0.467979500070214
0.127199589740485
0.129214781103656
0.00572039070539176
0.261653665220365
0.806311100488529
0.403712061000988
0.539605674566701
0.959610282443464
0.000323646469041705
0.154672704869881
0.566940105753019
0.572831452824175
0.00689168879762292
0.0622257618233562
0.797832521609962
0.903683637501672
0.993269654223695
0.683693205704913
0.0879722291138023
0.210877428296953
0.998406734783202
0.0545535797718912
0.0758519449736923
0.703902389388531
0.993024782976136
0.919858621200547
0.603572021238506
0.440476065501571
0.598482686560601
0.290487863821909
0.423049131641164
0.570190247613937
