0.874811380403116
0.0700385358650237
0.928398287855089
0.490560067817569
0.810234100092202
0.658344455063343
0.656797152012587
0.406573531217873
0.504575792467222
0.435222018975765
0.767779593588784
0.739292302867398
0.483507858356461
0.252771330997348
0.978927835589275
0.0730516861658543
0.79118277458474
0.440130932023749
0.472896159393713
0.697634300915524
0.731894457247108
0.568536603823304
0.639090200420469
0.0271904531400651
0.885576410451904
0.421003749128431
0.521364256506786
0.448993310565129
0.224107439396903
0.775423623621464
0.46959061617963
0.816948076477274
0.282045061932877
0.510249945567921
0.940723691601306
0.455548998434097
0.973522469168529
0.658850657055154
0.223480614367872
0.0643542052712291
0.828997145174071
0.139535155380145
0.203903718618676
0.40739484783262
0.521479368209839
0.155075724003837
0.543954704422504
0.798871708102524
0.702723812079057
0.673060179688036
0.3608378036879
0.99832102865912
0.38854323211126
0.559573390521109
0.547180595807731
0.159608840942383
0.86137328017503
0.510268733371049
0.717060485389084
0.908971409546211
0.791349521605298
0.772076026303694
0.470421004574746
0.656416149111465
0.518670234829187
0.0653453371487558
0.144486542325467
0.0344074727036059
0.612006896641105
0.567939199041575
0.975718042580411
0.230873795226216
0.670895980671048
0.971801272360608
0.24534842884168
0.63261693995446
0.498762454371899
0.321085224626586
0.844531619688496
0.106519973138347
0.289380649570376
0.269484147429466
0.799008120549843
0.646057802485302
0.236373308114707
0.397386864991859
0.268841026583686
0.899235091870651
0.763581094099209
0.141772903734818
0.24978586146608
0.213370543904603
0.568871494615451
0.352428242564201
0.279418647987768
0.696140501182526
0.548650488024577
0.703141217352822
0.203634041361511
0.261778543237597
