0.541313442401588
0.829759232001379
0.246412731241435
0.111198240425438
0.995682503795251
0.918362349038944
0.630698113003746
0.102305983891711
0.84845099854283
0.979344913270324
0.192983455955982
0.58013624814339
0.291187681723386
0.704040865879506
0.484068850055337
0.771517655579373
0.948291744571179
0.134818819351494
0.66012945631519
0.120356797939166
0.557121359044686
0.962313204072416
0.587218112545088
0.412334988592193
0.85913598886691
0.539957681670785
0.765518652973697
0.259322214638814
0.770798003999516
0.183567812899128
0.495410106144845
0.451417739968747
0.533119023079053
0.413302643690258
0.124498187331483
0.328750277403742
0.53287992416881
0.780912124319002
0.945128851337358
0.892999971751124
0.345453743822873
0.469509389949962
0.519147230777889
0.418423582101241
0.812155366642401
0.81223712535575
0.902609451906756
0.016118431231007
0.826661568600684
0.733877239283174
0.102400008589029
0.738280517747626
0.643121402012184
0.839132542023435
0.23827901808545
0.0106130000203848
0.272870754124597
0.731972417794168
0.986676343018189
0.934469612780958
0.277156112948433
0.193700333824381
0.458312033675611
0.634993540588766
0.60917334491387
0.363937376299873
0.316018461948261
0.272344665369019
0.778286583255976
0.834211362060159
0.186871252954006
0.713785638799891
0.635191166540608
0.901778374798596
0.727731892140582
0.777716942830011
0.292745767626911
0.880124896997586
0.310377662535757
0.444164880551398
0.557178907096386
0.639827374834567
0.217748919967562
0.114755859365687
0.660186792723835
0.0739958367776126
0.340454935329035
0.3356905488763
0.336738301441073
0.185338428011164
0.679467875277624
0.0762346154078841
0.661786674289033
0.428811464458704
0.747683598892763
0.486257256474346
0.497874056687579
0.548215511487797
0.161340376595035
0.35026176343672
