0.776741012465209
0.0610007541254163
0.395933346124366
0.155112237203866
0.998967942316085
0.902539227623492
0.701200724812225
0.602319293888286
0.311458740849048
0.248091130284593
0.0346537304576486
0.642018927959725
0.40822510025464
0.140048392582685
0.841662438819185
0.331451207166538
0.76519835810177
0.411304344888777
0.322601953754202
0.0630658336449414
0.187221497530118
0.268458531936631
0.440785807557404
0.213290269719437
0.462928524706513
0.200860441429541
0.159989262698218
0.232556413393468
0.465277455979958
0.689164858777076
0.348087972030044
0.428364342311397
0.324658006895334
0.253543409518898
0.234481693478301
0.788609063951299
0.857408575713634
0.649617262883112
0.996372643625364
0.400217938935384
0.500097894342616
0.652170095592737
0.149405787466094
0.00490090437233448
0.348324075108394
0.932087826076895
0.811489598359913
0.731935455696657
0.858327607391402
0.164259233744815
0.402906361501664
0.722975366050377
0.728594703832641
0.536693885922432
0.100460847374052
0.490482928464189
0.172333231661469
0.551753023406491
0.0091184179764241
0.460029623005539
0.848715257830918
0.884161298628896
0.73167218384333
0.0238960674032569
0.374767375411466
0.297042922582477
0.54299761261791
0.967787326080725
0.437078273622319
0.450672582257539
0.458490246441215
0.812570285052061
0.00171159277670085
0.828598560998216
0.140014743199572
0.852345957886428
0.326604177709669
0.46398862823844
0.652670526178554
0.604738258989528
0.552850151434541
0.691640979610384
0.833125564502552
0.557278181891888
0.838050403632224
0.283621493959799
0.197551836259663
0.598639950854704
0.0523536505643278
0.669920733431354
0.0402842510957271
0.950926729477942
0.475013241870329
0.32462885347195
0.238056677626446
0.443028519395739
0.676789604825899
0.0777228102087975
0.682034384226426
0.0284624812193215
