0.732467012945563
0.722988290712237
0.00447338679805398
0.204187493072823
0.975495300721377
0.368106653681025
0.983259798726067
0.331476810388267
0.122711777687073
0.995988882845268
0.494184252573177
0.711979223182425
0.182257012929767
0.935096654575318
0.778168620774522
0.487136569805443
0.829534986056387
0.60853935405612
0.856133964145556
0.521524761570618
0.43742051301524
0.353375044185668
0.639293768443167
0.680579505860806
0.796058030799031
0.527058011619374
0.618304540403187
0.649166799848899
0.295133469859138
0.545215687481686
0.727268812246621
0.0518709984607995
0.106649746419862
0.346705207368359
0.829149339348078
0.323664620751515
0.0775150745175779
0.313841762952507
0.241320456378162
0.116962638217956
0.445625294698402
0.950186085887253
0.220579404151067
0.435944599565119
0.872336786007509
0.662710883654654
0.421736015705392
0.751145322108641
0.915746359853074
0.34855760447681
0.38989795721136
0.507037474773824
0.409045132109895
0.954299283446744
0.771506448276341
0.222380868624896
0.555206403601915
0.174298963742331
0.938543054042384
0.696675533894449
0.25445609074086
0.153136753709987
0.886742604197934
0.660606528632343
0.286961835343391
0.691941740224138
0.442560484400019
0.0168073696549982
0.567565857898444
0.889206538442522
0.412416937295347
0.269213141873479
0.160882484167814
0.759757437277585
0.711286312900484
0.560612871544436
0.430280668893829
0.721709243021905
0.937061883043498
0.781004400225356
0.98774813907221
0.309108053799719
0.887111507821828
0.36483351746574
0.0766555473674089
0.827784854220226
0.560391068691388
0.091247926466167
0.674495613435283
0.2014940159861
0.326786534162238
0.980539882322773
0.353836721507832
0.0496115304995328
0.212869221810251
0.0103252292610705
0.956887935521081
0.618698936887085
0.822223104536533
0.285694572608918
