0.284204477677122
0.0499998179730028
0.348844519583508
0.744874285534024
0.342811661306769
0.294890851015225
0.484933099709451
0.658565796446055
0.591859860345721
0.0426810728386045
0.853810684522614
0.0357542878482491
0.37323650973849
0.287548807682469
0.951819536276162
0.290216407040134
0.0625253082253039
0.632505857618526
0.890631227521226
0.473869827575982
0.339820710010827
0.759569408139214
0.550575033761561
0.843687939923257
0.943537748185918
0.0160611781757325
0.418397679924965
0.564707815647125
0.257566007785499
0.583050044253469
0.908551917178556
0.818784436676651
0.735052614472806
0.23165185097605
0.0428105301689357
0.00197742227464914
0.410111193545163
0.748276276281103
0.0437694140709937
0.990924905985594
0.76344532193616
0.159933567745611
0.248605544678867
0.349598175147548
0.458389741135761
0.49301498522982
0.422522675478831
0.0605575477238744
0.846502079861239
0.109016954433173
0.733079674420878
0.821099810535088
0.489350830437616
0.50490281265229
0.364606892690063
0.821211924310774
0.512692358111963
0.79048813902773
0.777700096135959
0.0866609944496304
0.805349339731038
0.293237501056865
0.330410731490701
0.714463582495227
0.653943796176463
0.79861093335785
0.335424583870918
0.195228446042165
0.9920629481785
0.0252095209434628
0.743533360306174
0.312528463080525
0.552808588836342
0.453845102572814
0.179952388163656
0.395494552096352
0.848701378563419
0.695454705040902
0.515861467225477
0.334013771498576
0.205290350364521
0.363726546289399
0.324753049993888
0.725069897715002
0.354312403360382
0.24114441499114
0.860843783244491
0.305890515679494
0.310145039111376
0.565373425604776
0.697569675510749
0.796940629603341
0.053538111038506
0.350783111294731
0.211920974077657
0.8853104703594
0.184744583209977
0.315091002732515
0.263245559064671
0.316764651797712
