0.275518348440528
0.285925589269027
0.845566904405132
0.736813201801851
0.463855259818956
0.395925456658006
0.339191797422245
0.0601786074694246
0.0260022422298789
0.680295846192166
0.422176765743643
0.800960585707799
0.0352558169979602
0.378794184885919
0.573460678569973
0.0340859172865748
0.820116123883054
0.396068407921121
0.211613845080137
0.603339116089046
0.738093354739249
0.498333676252514
0.0365021731704473
0.153808160452172
0.957865351112559
0.256807408528402
0.394974758150056
0.87489940202795
0.908824221929535
0.938357444945723
0.60042296606116
0.248619041405618
0.692244555801153
0.550627304241061
0.914322481956333
0.981418840121478
0.513444956857711
0.599517387803644
0.21442990610376
0.566649719607085
0.101343438727781
0.111236232100055
0.196156528079882
0.458546199603006
0.206347819650546
0.452837944962084
0.113443708280101
0.82606355054304
0.677213357528672
0.565132105024531
0.70470360131003
0.530357376439497
0.752908452413976
0.577171819284558
0.858833564911038
0.355501611251384
0.0714303411077708
0.239291642792523
0.371565624373034
0.242200363660231
0.603207541629672
0.112278066342697
0.718562245368958
0.199289629468694
0.406219517579302
0.301291172625497
0.262125311652198
0.673622418893501
0.31972465198487
0.122155043529347
0.159458150621504
0.131010364275426
0.58716072817333
0.0702403530012816
0.235805713338777
0.1877891945187
0.0104514290578663
0.57912495592609
0.784366696607322
0.225456724409014
0.476389365503564
0.382940274430439
0.439216098282486
0.383847052231431
0.761509135365486
0.839936365839094
0.638247261056677
0.114735490176827
0.268965682014823
0.981891644652933
0.630057709524408
0.251633572392166
0.251138728344813
0.555648155277595
0.202134313527495
0.126984882401302
0.749067287659273
0.683232310926542
0.331256375648081
0.0911699272692204
