0.096645780839026
0.213190524373204
0.564439274836332
0.113988214172423
0.741214199922979
0.0430020892526954
0.143976071616635
0.793459388194606
0.400083162123337
0.692835978232324
0.448763041291386
0.304078318644315
0.0995537377893925
0.495872432366014
0.651341928634793
0.298386947950348
0.367293619085103
0.974983421619982
0.382596340030432
0.616289869183674
0.420319101773202
0.0990771157667041
0.935911835636944
0.636971541913226
0.757640687515959
0.583977109519765
0.716605886118487
0.899534980999306
0.848844384541735
0.344964865129441
0.250049029709771
0.575713442871347
0.64994214521721
0.473256887635216
0.280297543853521
0.168900356628001
0.298959182342514
0.301766007905826
0.82056239573285
0.538571782410145
0.646247672149912
0.673918105429038
0.922407715814188
6.99334777891636e-05
0.981868298025802
0.288911526789889
0.763491967925802
0.848449931712821
0.00739422254264355
0.0974400483537465
0.10788262845017
0.162370786769316
0.852668465813622
0.782702015247196
0.794487743172795
0.483519223984331
0.536873867735267
0.216975010465831
0.399559051729739
0.231353627517819
0.280775799881667
0.953405309468508
0.0919407666660845
0.398237736197188
0.134825867135078
0.647592324297875
0.44256193516776
0.52609731326811
0.396214391570538
0.286843210225925
0.851909667253494
0.743703447049484
0.0992053432855755
0.619564038934186
0.16557925962843
0.0934592988342047
0.971961037022993
0.54368538572453
0.885215362533927
0.660487447399646
0.902297474211082
0.0521815388929099
0.29229202400893
0.609504557447508
0.829930953215808
0.69199543283321
0.857035227352753
0.606919188052416
0.265298643847927
0.300007941201329
0.793246578425169
0.369537845486775
0.629473842214793
0.976595524931327
0.279639449669048
0.963913157582283
0.481482976349071
0.762501033721492
0.511411891086027
0.5013346162159
