0.757801873143762
0.425212133908644
0.0867086148355156
0.793662463314831
0.00439624371938407
0.848684154683724
0.400896115694195
0.909671740839258
0.144813895924017
0.829292812617496
0.792636423837394
0.871306704357266
0.226282281102613
0.126045080600306
0.811758810654283
0.527906210394576
0.255324692232534
0.842197041027248
0.413531490135938
0.661915115313604
0.417283716145903
0.571436126949266
0.655885747168213
0.897133017657325
0.724478722549975
0.79505046014674
0.909465055912733
0.361567747313529
0.58463912573643
0.192555877612904
0.851469526300207
0.342826993670315
0.95678767724894
0.878459899686277
0.111527310451493
0.716637807665393
0.322451123967767
0.552940833615139
0.551097131101415
0.873447879450396
0.560604460770264
0.371587378205732
0.913589296163991
0.734162237728015
0.70974704506807
0.412591984495521
0.335989241721109
0.749638949055225
0.0232437830418348
0.580961553845555
0.752128877909854
0.808253853581846
0.77160162688233
0.0246765452902764
0.388569331262261
0.956255694851279
0.404133855598047
0.389917601831257
0.117623197613284
0.211017396999523
0.465319085400552
0.500975832808763
0.997181456303224
0.531891445163637
0.496308435685933
0.482294648652896
0.453066082904115
0.508597526466474
0.99680387834087
0.141175553202629
0.940154011826962
0.727650849381462
0.0706707506906241
0.494209942407906
0.398846673546359
0.52156498725526
0.214016471523792
0.129320265492424
0.273946367204189
0.248075113166124
0.886255726683885
0.655082339886576
0.183869405882433
0.881006170297042
0.196732687298208
0.719711549812928
0.411988061387092
0.853235580492765
0.028975157532841
0.712181272683665
0.954335325863212
0.112814110005274
0.136058467207476
0.242111862171441
0.975004722597077
0.568743315758184
0.0539953841362149
0.161083325510845
0.53999262698926
0.296606173738837
