0.314709879457951
0.534141778480262
0.423819234361872
0.939166066702455
0.54376976727508
0.131229328224435
0.518816097872332
0.599141490412876
0.541290600551292
0.369924377882853
0.224553135689348
0.872202604310587
0.612954624230042
0.937145937932655
0.373084057820961
0.0639666726347059
0.887639559339732
0.193790722405538
0.755208836402744
0.199453356675804
0.39702555257827
0.80429371073842
0.755508075002581
0.854322550352663
0.770888848695904
0.324603718006983
0.173137243604288
0.882712897378951
0.924408664461225
0.485153483692557
0.312570622656494
0.139169967267662
0.752120550954714
0.174492561724037
0.962966454215348
0.143671558238566
0.0998597024008632
0.844772946322337
0.730613692430779
0.0289250430651009
0.87862656568177
0.198755644727498
0.880812677089125
0.88689856720157
0.682802146067843
0.551274017430842
0.399696156615391
0.50413687620312
0.415750223211944
0.368156764190644
0.0737249664962292
0.435731109930202
0.601539844181389
0.893344171810895
0.462044246029109
0.0504297679290175
0.0541291220579296
0.131608455209062
0.134445025119931
0.871217923006043
0.284058835590258
0.500692153116688
0.59370378125459
0.908315106993541
0.898614017991349
0.81111053773202
0.835311325034127
0.421254058135673
0.825529863126576
0.619042707141489
0.761752214282751
0.894736823160201
0.476878893794492
0.491201920434833
0.344253307906911
0.869661667617038
0.696898092515767
0.651055587688461
0.831292639253661
0.669794153189287
0.575481441104785
0.760679027531296
0.0577395057771355
0.0502224117517471
0.801178556634113
0.641295304289088
0.364489294821396
0.787466156762093
0.603864510310814
0.146780590293929
0.979880138998851
0.768408136209473
0.417362630367279
0.19909218326211
0.275792812462896
0.77821581531316
0.329067462356761
0.548698224360123
0.103956921258941
0.364018290536478
