0.693028474459425
0.126441543688998
0.930527616059408
0.415012088837102
0.290746068581939
0.510430647758767
0.801912868162617
0.0193708741571754
0.081437336280942
0.315358103951439
0.102598506724462
0.280828036135063
0.101554938824847
0.407576333032921
0.89310365007259
0.656296642031521
0.685792464297265
0.224347492447123
0.287986230337992
0.339079496450722
0.778978589456528
0.233442239928991
0.169061918044463
0.258811768144369
0.391377641819417
0.142708214698359
0.429525515530258
0.334567798301578
0.360796635271981
0.100556222256273
0.865949640283361
0.113231474533677
0.420688823796809
0.490534176584333
0.340680608060211
0.712610999587923
0.217759265331551
0.999055584426969
0.788641115417704
0.969244127627462
0.102617003722116
0.773611086653545
0.848168715136126
0.00070053874514997
0.763580956263468
0.956632853019983
0.955158551922068
0.11898305057548
0.906729105859995
0.414338994305581
0.168094979831949
0.325443076202646
0.405101440148428
0.240709175588563
0.628394556930289
0.288253469159827
0.245292301988229
0.942997473524883
0.872697865357623
0.332646614173427
0.859268024330959
0.0974688879214227
0.274594890419394
0.112600301392376
0.154106618370861
0.343160897726193
0.497175897238776
0.0524784864392132
0.38773578661494
0.454334271140397
0.0804767317604274
0.582748125307262
0.546005723299459
0.000192014966160059
0.778804054483771
0.0881070634350181
0.43317738128826
0.0716302711516619
0.877137502422556
0.778666390106082
0.800452569499612
0.64549453696236
0.0390463867224753
0.169244512682781
0.100952968467027
0.750193013809621
0.421781053999439
0.467938007088378
0.143091547302902
0.556297892238945
0.0222196809481829
0.874010616680607
0.885771973524243
0.492078167852014
0.258255024440587
0.616496201837435
0.279640343505889
0.528119058581069
0.278193712700158
0.940188214648515
