0.856135317124426
0.402747262036428
0.27386833820492
0.775712316622958
0.219426030060276
0.0461720305029303
0.456989165628329
0.969816937344149
0.178175700362772
0.553581574931741
0.541786805260926
0.506724289152771
0.168095920467749
0.00738538848236203
0.251651873812079
0.0251595273148268
0.346540757222101
0.556925726588815
0.368446895154193
0.0489287103991956
0.528823026223108
0.628463882720098
0.673482776619494
0.953370716655627
0.550263615790755
0.380894673056901
0.261949484003708
0.948123054113239
0.968400581739843
0.191119275754318
0.703916954342276
0.0740926777943969
0.59452438284643
0.41440045251511
0.0338928292039782
0.740968953585252
0.503570892149583
0.740747129078954
0.356800491921604
0.443926355335861
0.179351666243747
0.128399531589821
0.883493982022628
0.326456238748506
0.802763114217669
0.230113056022674
0.135724892839789
0.210459021152928
0.919160041958094
0.916652663843706
0.00770512502640486
0.524883247213438
0.94063477544114
0.268027479993179
0.554781600367278
0.594308763742447
0.591109699802473
0.368029450066388
0.816366473212838
0.414492888143286
0.417282155016437
0.48277610889636
0.0497981433290988
0.588172980351374
0.42376376176253
0.583464747993276
0.0307875003200024
0.419771502260119
0.490648590493947
0.184498567134142
0.131261083995923
0.0843603564426303
0.183918847003952
0.113572637084872
0.156256606336683
0.441265533212572
0.513163692317903
0.919076214544475
0.585748308571056
0.0783620413858443
0.0216369116678834
0.0268452023155987
0.440750882960856
0.0735122943297029
0.783353950828314
0.915508371312171
0.419890931574628
0.238542407518253
0.345886065624654
0.340289938496426
0.524196284124628
0.639837170951068
0.375712922308594
0.318289881339297
0.208132710075006
0.29883200651966
0.245223493780941
0.881225600605831
0.306248203618452
0.24224212532863
