0.866779080126435
0.186244449578226
0.0783739015460014
0.191735328640789
0.632545714499429
0.48893983499147
0.966696131275967
0.170995603781193
0.0882118905428797
0.645269785542041
0.729797389823943
0.331124154152349
0.667794805252925
0.485366531182081
0.672505328664556
0.864612559322268
0.0629259143024683
0.823325141798705
0.069535919232294
0.0712860312778503
0.672877518925816
0.761631656903774
0.630831444170326
0.780212644021958
0.0264641824178398
0.168206047266722
0.543498996645212
0.721398320514709
0.718292135512456
0.09512357134372
0.0757938548922539
0.329924263525754
0.862304439535365
0.68506645411253
0.204874807735905
0.800199790857732
0.0883322940208018
0.808255900861695
0.065171160036698
0.291936842957512
0.646080879028887
0.657620612764731
0.731305519351736
0.608297473285347
0.436859643319622
0.662997499341145
0.23933041235432
0.72459883755073
0.185098876710981
0.154415194410831
0.698577432893217
0.732301624724641
0.930604045279324
0.504994366317987
0.551087148021907
0.216472035041079
0.204336026450619
0.826366986613721
0.935163982212543
0.401068846927956
0.323750637006015
0.919401858234778
0.5521093190182
0.841090089408681
0.25571731547825
0.224573294864967
0.861800828482956
0.318024873267859
0.319290252635255
0.162713699275628
0.709146306384355
0.39892252581194
0.093737360322848
0.426513622980565
0.666595032438636
0.990185523871332
0.836665163980797
0.204869625158608
0.996658352436498
0.315970357740298
0.646185574820265
0.469441583845764
0.660415961174294
0.752168791834265
0.277402968844399
0.219825027510524
0.816187175223604
0.148621862754226
0.786023675464094
0.946248892461881
0.696561923949048
0.783414111007005
0.330183401005343
0.316372685832903
0.155728911282495
0.0116211925633252
0.372069508535787
0.292862478177994
0.00831492920406163
0.0768510324414819
