0.430653972318396
0.719401266425848
0.645705414470285
0.230461473576725
0.946708279661834
0.62869411893189
0.0379403531551361
0.566613520495594
0.252701705088839
0.439448612974957
0.946167532587424
0.272136158077046
0.203643755987287
0.382118738023564
0.285609166836366
0.451093011535704
0.536165395053104
0.86886159540154
0.743416343815625
0.710707038640976
0.448931987164542
0.0991527608130127
0.845997596858069
0.967655505985022
0.332642718916759
0.996557331411168
0.248228303622454
0.949723337776959
0.879372065886855
0.466582134831697
0.764907990582287
0.397836981108412
0.792539360234514
0.318368029315025
0.541639790171757
0.835928714601323
0.472819764865562
0.476221258286387
0.300698200473562
0.522816031239927
0.44963771244511
0.266932379454374
0.623670487897471
0.197232930222526
0.372355488827452
0.0172785825561732
0.0987023657653481
0.078119648154825
0.948634668486193
0.413075724150985
0.0803160003852099
0.345186371589079
0.420653492212296
0.964252683101222
0.270653551677242
0.591451318468899
0.130616325419396
0.0581988007761538
0.859097951091826
0.530580789549276
0.319254689151421
0.580950974719599
0.96275768103078
0.299148866673931
0.422948901541531
0.606703133322299
0.015418981667608
0.0137873257044703
0.470989485271275
0.025038227904588
0.121921701356769
0.932992757065222
0.982289226725698
0.627064575906843
0.690601088339463
0.805079210782424
0.56828397535719
0.736099092289805
0.721598577452824
0.78204273362644
0.851972348755226
0.0164896533824503
0.546456475742161
0.705735351657495
0.643240095349029
0.330328337382525
0.998906271765009
0.576381420250982
0.915589175419882
0.830755227478221
0.930319133447483
0.0289096364285797
0.0131321880035102
0.296379341743886
0.816520635504276
0.0166154762264341
0.998356714146212
0.267638250952587
0.82084805238992
0.500592745840549
