0.985445282654837
0.278211304685101
0.489060549298301
0.657128710998222
0.936675637494773
0.241810213308781
0.778633910464123
0.352509789867327
0.484236983116716
0.0838742821943015
0.691051363479346
0.723728377837688
0.935791666386649
0.761804782319814
0.150752242654562
0.440722765401006
0.704667889513075
0.860763900447637
0.913130225380883
0.487512221094221
0.327082558535039
0.068379238480702
0.157303735380992
0.528318841941655
0.0416877300012857
0.848549982067198
0.612767684739083
0.576805168297142
0.684876509010792
0.993750466965139
0.751007227925584
0.832997678779066
0.643673943122849
0.700768374372274
0.520008143503219
0.0130648103076965
0.0264052480924875
0.0243884776718915
0.785650097532198
0.899042350240052
0.0828427518717945
0.972335673635826
0.889587017009035
0.791949247242883
0.22513108397834
0.421248738653958
0.281891485909
0.241601055720821
0.271411827066913
0.446526339743286
0.159016436664388
0.136535877594724
0.906380293425173
0.209083181573078
0.457785628037527
0.0455823971424252
0.109755844576284
0.0805603782646358
0.848220823798329
0.527266916818917
0.637271012878045
0.305337485857308
0.421314364066347
0.541113629704341
0.851136492798105
0.775584822986275
0.11855539213866
0.266422378597781
0.466441685333848
0.8636211049743
0.716869747266173
0.984684417257085
0.0362110265996307
0.855179146397859
0.907277234597132
0.700956782326102
0.785375809296966
0.62551679299213
0.405716384295374
0.377400099765509
0.489013505168259
0.802117646904662
0.322495903121307
0.353082419838756
0.209951475495473
0.0254533076658845
0.34897688915953
0.877949838992208
0.476609055185691
0.471686176722869
0.0477455547079444
0.836987716378644
0.560085786506534
0.314992346335202
0.899372205371037
0.580939058447257
0.144965232815593
0.11738995811902
0.259793465025723
0.346785995410755
