0.721405800664797
0.943696210859343
0.059188790153712
0.646175618283451
0.237566472729668
0.37440145900473
0.148674878291786
0.998735153581947
0.280120148556307
0.569029666483402
0.0146870077587664
0.753271480323747
0.220287303673103
0.4662193544209
0.532070036046207
0.747475178446621
0.107672358863056
0.894046184839681
0.792078338796273
0.243033409584314
0.61417586915195
0.050846986239776
0.608666410902515
0.0565495765767992
0.474110146053135
0.875691385241225
0.0660514924675226
0.0442891188431531
0.779582801973447
0.75692601967603
0.947689595865086
0.0514135926496238
0.344188757473603
0.351188704138622
0.697216614149511
0.896531400503591
0.610257212305441
0.798921151552349
0.295231728581712
0.381026135757565
0.227575157536194
0.201103483559564
0.494039573706686
0.101057759718969
0.529661639826372
0.0962971283588558
0.18212882312946
0.864491531159729
0.126139543252066
0.218605472007766
0.557925919536501
0.280058165779337
0.598701484967023
0.900510445004329
0.0964722638018429
0.916462312452495
0.270479573402554
0.0846640749368817
0.033852586755529
0.251223886618391
0.959115426521748
0.933232692768797
0.341454839799553
0.852954694768414
0.806496944976971
0.82623471156694
0.933847159612924
0.762592467479408
0.577188373310491
0.10968036018312
0.810966533608735
0.44775253883563
0.820520293200389
0.647468226728961
0.505121421068907
0.379510294413194
0.468000645982102
0.531865084543824
0.110973546514288
0.742296902928501
0.242491016397253
0.984300842974335
0.505988005083054
0.216520908521488
0.384288690285757
0.218946243170649
0.228324307594448
0.167519628070295
0.2689621867612
0.499239550670609
0.647756814491004
0.128827104810625
0.800651282072067
0.948085540207103
0.0686268678400666
0.451145430095494
0.416016957489774
0.822515738895163
0.425225780112669
0.229309149319306
