0.217175331199542
0.351343012182042
0.772114436142147
0.618860243121162
0.240119261899963
0.756435425952077
0.385544233955443
0.885692421579733
0.919858482666314
0.939113542670384
0.178368684602901
0.140679044183344
0.757805945817381
0.0747186143416911
0.618570278864354
0.724052275763825
0.918992663035169
0.0886495527811348
0.917789822909981
0.937572463881224
0.442498408723623
0.298403677763417
0.306635540211573
0.301799119217321
0.194601611001417
0.0808849532622844
0.658795803552493
0.0863934194203466
0.29916068050079
0.51911123120226
0.897598615381867
0.603113781195134
0.182101709535345
0.634754544589669
0.968039992963895
0.94498020154424
0.912790749687701
0.50353438500315
0.211202627979219
0.693691986380145
0.85500581911765
0.735403436236084
0.563240043353289
0.651191627373919
0.156983475200832
0.758920005755499
0.82587385782972
0.216972294962034
0.731854262761772
0.403195207705721
0.394079142482951
0.180084265535697
0.847052472876385
0.142825569957495
0.490358627866954
0.735728264553472
0.654703700216487
0.109818631317466
0.344942946685478
0.225349070271477
0.485502164810896
0.855595991481096
0.0862404410727322
0.56997627299279
0.138785304501653
0.396500073606148
0.702525990316644
0.786654172698036
0.613251020433381
0.711298646405339
0.15200685034506
0.124267170671374
0.999617342138663
0.494944914476946
0.314546558773145
0.8735329892952
0.368195866933092
0.947270411998034
0.57981160772033
0.560607364866883
0.265770888654515
0.869205974042416
0.953346092719585
0.545138582587242
0.722866283031181
0.277940468396991
0.473973918706179
0.235108129447326
0.577340729767457
0.722601631423458
0.916213508229703
0.784958453150466
0.276007370790467
0.710864429594949
0.318460955983028
0.41371293948032
0.250801842892542
0.753822955768555
0.915218334877864
0.47204111260362
