0.784809977514669
0.982586167054251
0.455257093068212
0.393095413222909
0.777146136155352
0.731485488126054
0.729282678803429
0.705354342237115
0.323719369480386
0.758930499665439
0.852910823421553
0.852346113184467
0.334788251435384
0.629672764567658
0.602577090961859
0.00231204321607947
0.0101214845199138
0.509732409380376
0.588318619411439
0.58460666006431
0.357914206804708
0.924249957781285
0.910864959470928
0.792855109786615
0.0983567642979324
0.837192297214642
0.897253149189055
0.477806035196409
0.0557815039064735
0.509813868440688
0.133960996055976
0.233529999386519
0.754015223355964
0.384474691469222
0.945501639740542
0.80165988067165
0.334648070158437
0.385531587293372
0.948136107064784
0.407395346555859
0.165502344956622
0.387505831895396
0.932747261598706
0.338264868594706
0.263346066465601
0.911797494394705
0.3594631399028
0.252623203443363
0.319786262698472
0.999871658626944
0.758779261028394
0.543760913889855
0.0523083868902177
0.264769539702684
0.653925611171871
0.839507908793166
0.128207134082913
0.532306478824466
0.879576156614348
0.240175400627777
0.175653824582696
0.907229180680588
0.450619668932632
0.888016511453316
0.259685643482953
0.589873665012419
0.133737199474126
0.460933404741809
0.831800960702822
0.410081026609987
0.301293301861733
0.38036094699055
0.626584122888744
0.30202681873925
0.064201737055555
0.312917402014136
0.00920073734596372
0.727071350207552
0.190667907241732
0.506409195251763
0.814312474802136
0.555049377726391
0.276777989463881
0.577394850784913
0.920297050848603
0.15309786121361
0.394720861455426
0.538776269648224
0.880028777755797
0.695541031192988
0.311588098993525
0.35573929711245
0.695176407461986
0.298483015736565
0.0910206665284932
0.317377594998106
0.0418990268371999
0.245198973454535
0.104129240848124
0.020335010252893
