0.593561813235283
0.412369248457253
0.418083314085379
0.00537070631980896
0.113980199443176
0.834427399327978
0.821632391540334
0.169423872837797
0.379390177549794
0.935549711342901
0.682776366826147
0.387257665162906
0.410507206339389
0.427334781968966
0.117683828109875
0.835086223902181
0.881585028488189
0.358181047951803
0.0703928391449153
0.105243804398924
0.380963820265606
0.260788931045681
0.159190536709502
0.52381348144263
0.654762247111648
0.67957621649839
0.782417535316199
0.697336405748501
0.864010698162019
0.780457956017926
0.179387688403949
0.776032339315861
0.974038889631629
0.98330915090628
0.0741860948037356
0.479479896370322
0.971345372730866
0.0991642086300999
0.262802770361304
0.395403171889484
0.889143434353173
0.408973290584981
0.568587961839512
0.628934639506042
0.692744343774393
0.300277846865356
0.894332420779392
0.913505910430104
0.883538864087313
0.714676184114069
0.811521774390712
0.652027003234252
0.84524504491128
0.640944705810398
0.0135549476835877
0.426942426944152
0.294709367677569
0.627499458380044
0.0518954172730446
0.0367834821809083
0.499868975486606
0.423659988446161
0.237599898129702
0.771104274084792
0.762572875712067
0.0221994239836931
0.550713130040094
0.684023964917287
0.165121382568032
0.118814135435969
0.369194533210248
0.638220250373706
0.139808732317761
0.166159215848893
0.235875136684626
0.686356362653896
0.0748019039165229
0.504730521934107
0.817080733366311
0.575484869303182
0.104901443468407
0.805433781119063
0.295931618427858
0.330124814063311
0.97798580583185
0.505425040610135
0.220152279827744
0.0944773158989847
0.732291306601837
0.891984334448352
0.116908959811553
0.557485728990287
0.114580413559452
0.660436474252492
0.460891063325107
0.549966238206252
0.936380586354062
0.0859513152390718
0.782544618006796
0.373897202080116
