0.010504454607144
0.813168375287205
0.395818245364353
0.737753266002983
0.985339439939708
0.643454484408721
0.624070582678542
0.0624772189185023
0.949541430920362
0.644111229805276
0.193142100004479
0.589226836804301
0.0450179816689342
0.213043870637193
0.224222315941006
0.520425979513675
0.941810010233894
0.783292447216809
0.371204960858449
0.373150745872408
0.54354937071912
0.0354962926357985
0.288049958413467
0.227091662818566
0.324401069199666
0.532610300462693
0.905302781611681
0.28174929972738
0.421529804822057
0.565946652088314
0.487449924461544
0.00387372286058962
0.326467071659863
0.22172895539552
0.415597417391837
0.371088974410668
0.02342140651308
0.428780946414918
0.896365975495428
0.637319272384048
0.531119054649025
0.264977376675233
0.488145264098421
0.671630390686914
0.977792888646945
0.92222015815787
0.891049240948632
0.0588536493014544
0.461249167565256
0.0734159057028592
0.937264608684927
0.555998272961006
0.955687132431194
0.667192832101136
0.897449878044426
0.697760013397783
0.0163440047763288
0.644175173016265
0.816461873939261
0.063295409316197
0.418239812366664
0.467625578865409
0.528718241956085
0.0449932585470378
0.50861221854575
0.408779531950131
0.805491705890745
0.0846040961332619
0.42462208471261
0.351243411423638
0.654063154710457
0.161962365033105
0.408474776893854
0.333216206403449
0.280551268020645
0.210576462559402
0.695491947699338
0.775366854621097
0.400638313964009
0.283478613710031
0.152116073062643
0.886660520685837
0.573629795340821
0.680961945559829
0.0956654178444296
0.831320856232196
0.845559138804674
0.916997830849141
0.942562896292657
0.587777255102992
0.887493178714067
0.355871203122661
0.435889818705618
0.682452228618786
0.445452803047374
0.409275651909411
0.848843730986118
0.786006304202601
0.0358384966384619
0.385175031842664
