0.147569563938305
0.574468028033152
0.86948858643882
0.599097745027393
0.646690550958738
0.764330158941448
0.228191876085475
0.964356286916882
0.100284760585055
0.183141486952081
0.211452344199643
0.240536274388433
0.804875689325854
0.16387974168174
0.473062655190006
0.331353749614209
0.897443837951869
0.599759589182213
0.389788241824135
0.580299631692469
0.00777843152172863
0.00359864649362862
0.133317346917465
0.0589862335473299
0.43696404225193
0.756453267531469
0.34032173268497
0.699560388689861
0.653231649659574
0.746644503436983
0.643703986657783
0.472849063575268
0.684482188895345
0.383599631488323
0.897124073468149
0.76210322836414
0.497231167973951
0.364242226118222
0.139855912420899
0.895393753191456
0.281087945913896
0.248920996906236
0.360108908265829
0.191461963811889
0.142380948876962
0.251327312784269
0.866006156196818
0.705745925428346
0.390538124367595
0.033390962285921
0.269123097183183
0.711356877582148
0.8667771902401
0.241052595200017
0.0778688942082226
0.277660168707371
0.924393995432183
0.2689017157536
0.351405831286684
0.180346403969452
0.994929010048509
0.781855925917625
0.805114551680163
0.221820550272241
0.66835034545511
0.456608476582915
0.623993730405346
0.106416674330831
0.670950312167406
0.49337721336633
0.355495539028198
0.48451734543778
0.411147314822301
0.507645571837202
0.526104840682819
0.59633572679013
0.0909113571979105
0.055313509888947
0.855361205060035
0.368967247661203
0.161172294523567
0.691948387539014
0.239729119697586
0.181937132729217
0.592865786282346
0.152690531453118
0.2960008403752
0.35231577954255
0.260424390668049
0.955620240652934
0.587948718108237
0.470582744339481
0.386123291682452
0.383174621500075
0.713178154779598
0.028216585284099
0.178459550719708
0.10149884968996
0.458221614127979
0.928616463206708
