0.328650267096236
0.533751912415028
0.835200265282765
0.506882353685796
0.291597632691264
0.718827042728662
0.508358489489183
0.137843524804339
0.810085569275543
0.928334507858381
0.936288658296689
0.70288997865282
0.573813917813823
0.0608924238476902
0.276047865860164
0.942661009030417
0.966663695406169
0.754881919594482
0.463441201718524
0.108782386872917
0.570399951422587
0.555398198543116
0.844430847093463
0.599644568283111
0.193717793328688
0.443592578638345
0.657509473152459
0.877024431945756
0.257018441800028
0.68062006845139
0.348187424009666
0.259739439701661
0.276104107266292
0.210846367292106
0.611606802325696
0.000887669855728745
0.384919442934915
0.202980094356462
0.512836839072406
0.0407158343587071
0.284439308801666
0.441773402737454
0.294032797915861
0.458649299573153
0.661750890314579
0.821334958309308
0.541478354716673
0.962060550460592
0.687476056627929
0.24673522869125
0.798892044695094
0.314811338670552
0.553140978328884
0.442695371806622
0.388798216823488
0.205540975555778
0.452318374766037
0.0336840096861124
0.464916554279625
0.736288601765409
0.374781078658998
0.542017236817628
0.747639692155644
0.227046446409076
0.828439315315336
0.945599276805297
0.42415832914412
0.353525842307135
0.628916252870113
0.0744282549712807
0.0265710989478976
0.490308846579865
0.772967673139647
0.0495764745865017
0.26400264329277
0.920931124594063
0.460239068139344
0.765219811582938
0.285137025872245
0.551548280986026
0.870768400607631
0.623258855193853
0.639115201076493
0.785034728469327
0.131468590348959
0.86719725234434
0.354491947917268
0.292779990239069
0.786167236277834
0.940357714192942
0.743288594298065
0.547289564972743
0.61775262048468
0.793292535236105
0.472423671046272
0.624584995675832
0.173085130983964
0.102160988142714
0.412372966762632
0.111353522865102
