0.580803494900465
0.275082335341722
0.474092681892216
0.148454834939912
0.0981320778373629
0.258757945615798
0.476871125632897
0.644020531559363
0.989464373560622
0.666605884209275
0.569990528281778
0.781701474217698
0.386437335982919
0.777108837617561
0.523772904882208
0.727816596394405
0.638266095193103
0.189339543692768
0.956083217868581
0.723388466052711
0.967715416103601
0.984015524853021
0.73975230823271
0.268237870186567
0.000449398998171091
0.501320047071204
0.654886561678723
0.444826202001423
0.399776631733403
0.615684480173513
0.223548819310963
0.923179420642555
0.0504698667209595
0.00873564300127327
0.511609546840191
0.264370083110407
0.406264471821487
0.703207105165347
0.26562716299668
0.717411977937445
0.333746365038678
0.72963529266417
0.900430963607505
0.558470885502174
0.171631412580609
0.624468795023859
0.395091763464734
0.253261769190431
0.178598660742864
0.443560133688152
0.655918923439458
0.562008580425754
0.833934210939333
0.307100125821307
0.705345337744802
0.356962270801887
0.0359421935863793
0.252980590797961
0.453980959951878
0.470514433691278
0.496014388976619
0.0487827602773905
0.96088406490162
0.108728745719418
0.83997675566934
0.730298690730706
0.191794933285564
0.25322479265742
0.59888165188022
0.249632332939655
0.55873444234021
0.698210556292906
0.828936586389318
0.642036400968209
0.131539365509525
0.73857113881968
0.210394180612639
0.263994631823152
0.607924333540723
0.795780511107296
0.0917140254750848
0.977472009137273
0.874802679987624
0.417477927170694
0.576668625464663
0.731512975413352
0.901822725310922
0.278568158159032
0.618979110615328
0.371220314176753
0.233923661056906
0.166695546358824
0.114117166725919
0.422347367042676
0.673988484311849
0.623741993447766
0.0690142710227519
0.126731693511829
0.463472773320973
0.715447966242209
