0.119567977497354
0.545078811701387
0.945434185210615
0.972758873831481
0.531381919048727
0.753310763509944
0.634425236377865
0.411614460637793
0.102624237537384
0.924258824437857
0.376982342451811
0.315561714814976
0.297433196566999
0.878460822859779
0.738313813693821
0.509879627032205
0.761872708797455
0.34746400360018
0.450550473527983
0.719352944754064
0.0136904546525329
0.5644264544826
0.76829575560987
0.761057961033657
0.0412002406083047
0.807057126658037
0.99924035766162
0.53137691016309
0.714275327278301
0.608804161893204
0.643715691985562
0.788822279544547
0.0480360502842814
0.750731151783839
0.166675789747387
0.433329745428637
0.626695268787444
0.558795390883461
0.753695669816807
0.0492885545827448
0.704413353698328
0.812923403922468
0.861766301561147
0.0759984692558646
0.375478086760268
0.980920472415164
0.87823478737846
0.208375341957435
0.978603803087026
0.4846646792721
0.939582832390442
0.173810243839398
0.784345252905041
0.0833454558160156
0.228081373730674
0.517287725582719
0.705576717620715
0.362348416121677
0.47081686835736
0.845670918934047
0.066241062944755
0.564562073675916
0.2563921965193
0.740190983517095
0.162232757080346
0.0105558587238193
0.75083781615831
0.386093957116827
0.788758704205975
0.436342369997874
0.911974940914661
0.29727247916162
0.256209807703272
0.917499207891524
0.77820962597616
0.723872982198372
0.630199102219194
0.789398377528414
0.146844900446013
0.612919622799382
0.549245927017182
0.934601085493341
0.437796048121527
0.901391950203106
0.715861487668008
0.873426517471671
0.188313031103462
0.303717464208603
0.242144105490297
0.406940752174705
0.61648691422306
0.256322013214231
0.497780557256192
0.0622389877680689
0.778438790235668
0.658942667767406
0.193945865845308
0.0183369389269501
0.232962975976989
0.823135223705322
