0.990647914353758
0.600908956723288
0.174148462247103
0.100844061467797
0.991310158278793
0.530947079416364
0.527284624986351
0.107529495842755
0.725781707558781
0.182908151531592
0.933216580888256
0.40187929244712
0.794140330748633
0.506524291820824
0.56602089246735
0.598936781287193
0.914361991221085
0.504765848629177
0.0127140020485967
0.319787398213521
0.442918518558145
0.21593271731399
0.581095665926114
0.835526131093502
0.322241013636813
0.0431131713557988
0.206594909075648
0.441868235822767
0.373116539092734
0.347582120448351
0.453299360349774
0.459030853351578
0.886404565768316
0.3183218233753
0.366686483845115
0.851104043889791
0.811814787099138
0.71654723235406
0.759689725004137
0.150712320115417
0.506841129856184
0.628896231995896
0.457747259410098
0.817349823890254
0.286251624580473
0.370849773986265
0.115892629604787
0.141108381561935
0.0103903487324715
0.157587938476354
0.879904808010906
0.58370954496786
0.80257525248453
0.516156367957592
0.82985833613202
0.651386687997729
0.848194320686162
0.00505976984277368
0.876465542940423
0.726865311618894
0.29085023002699
0.547381579410285
0.326902065426111
0.0337362512946129
0.520445777568966
0.417671870673075
0.809577592415735
0.065874963067472
0.612280801171437
0.511996077606454
0.0423088897950947
0.488251664675772
0.686774341156706
0.419987432193011
0.695591717492789
0.799251108663157
0.0573768792673945
0.415650674607605
0.512013532919809
0.3449515493121
0.473051270470023
0.15905395639129
0.701244723284617
0.396732331719249
0.160233227768913
0.141804504906759
0.65638942969963
0.934597935061902
0.568241342436522
0.479820566251874
0.382242851890624
0.424140531569719
0.836958104744554
0.473969093291089
0.354878035373986
0.394589558476582
0.400654014665633
0.435688953846693
0.849218054208905
0.263602975988761
