0.737622808432207
0.40578824444674
0.390735080698505
0.389917485648766
0.628559469943866
0.583156347507611
0.204600070137531
0.458830873249099
0.413140564458445
0.523470376152545
0.164748553186655
0.128108991542831
0.771771159954369
0.777809292078018
0.674542180262506
0.929019034840167
0.240274845855311
0.0169265628792346
0.0769812765065581
0.3005134484265
0.374468134250492
0.198941396782175
0.601181694073603
0.0902373143471777
0.874418452382088
0.00214603380300105
0.167862813454121
0.120704266475514
0.0760881979949772
0.570153873646632
0.089537714375183
0.634053495479748
0.489589794771746
0.183749003568664
0.0298876378219575
0.38307499838993
0.289654853288084
0.994408469647169
0.0110230001155287
0.53455446800217
0.155485729221255
0.940707327332348
0.123333945171908
0.880622299388051
0.486004786333069
0.510129749309272
0.446348700672388
0.466215411201119
0.655292713781819
0.719113113591447
0.0122582560870796
0.324165709549561
0.768243721453473
0.484636300243437
0.839572446420789
0.522075856802985
0.025183706311509
0.266306462464854
0.563304500188679
0.60454218625091
0.930647609056905
0.648637331556529
0.303462577285245
0.804229544242844
0.00696377456188202
0.55215091095306
0.0124485678970814
0.849089811323211
0.0415113775525242
0.793162569636479
0.459439309546724
0.51778662041761
0.639201016630977
0.329567949054763
0.471629505045712
0.00254964781925082
0.60494120977819
0.601049525197595
0.699327891459689
0.536819795146585
0.359701171517372
0.838795555289835
0.352245249552652
0.271835770225152
0.109777764650062
0.868279400747269
0.078966791043058
0.779321195790544
0.0238936555106193
0.898436029208824
0.583602564409375
0.00721615995280445
0.353747863788158
0.819035662338138
0.555586641188711
0.245332952588797
0.661348227411509
0.0804043954703957
0.943572398740798
0.182764627737924
