0.2864070890937
0.616270444355905
0.936942777829245
0.505768401781097
0.106021560495719
0.93064009048976
0.514405205845833
0.0499228006228805
0.606698806164786
0.431724808644503
0.419576612999663
0.885874822037295
0.937002833466977
0.430896722478792
0.380608708132058
0.444354129489511
0.767412059707567
0.872836514841765
0.688511746237054
0.603192535229027
0.569803377846256
0.318731696577743
0.467741653788835
0.29292569658719
0.138760027708486
0.112424107268453
0.566045570652932
0.538041338790208
0.381682097213343
0.600283284438774
0.288506701821461
0.930960996309295
0.423124488675967
0.520017521223053
0.250273979734629
0.737988706910983
0.626803974853829
0.102444568648934
0.413358230143785
0.436177414376289
0.575832104077563
0.320830686250702
0.787031393265352
0.353498922428116
0.49443954625167
0.932553643593565
0.819996532285586
0.975833805976436
0.347413390642032
0.840488294837996
0.151891159592196
0.131131878588349
0.115692380815744
0.0715191231574863
0.488643135642633
0.0832050456665456
0.781794738955796
0.291406421689317
0.785460310988128
0.240539983380586
0.292367229936644
0.891894720261917
0.67880277405493
0.339164911303669
0.796560718910769
0.1489259658847
0.163677906151861
0.940095779020339
0.596598614472896
0.304673915728927
0.10659773927182
0.736745841568336
0.154761718818918
0.340761665254831
0.216757524991408
0.390733131673187
0.215319814160466
0.673228803323582
0.774825646542013
0.540504480479285
0.145200192229822
0.174114615656435
0.00179437734186649
0.664157770574093
0.738854638068005
0.263569207163528
0.354229570832103
0.669148783199489
0.240018426906317
0.0428750459104776
0.948475099634379
0.844263158040121
0.692992280470207
0.427878429647535
0.229713386856019
0.43902634922415
0.577571149915457
0.585986150428653
0.429605422308668
0.820072451140732
