0.84403124009259
0.790455488953739
0.174423820804805
0.482949438737705
0.738880284829065
0.521343252621591
0.57240817300044
0.460291392402723
0.315282301511616
0.293191579403356
0.145426923874766
0.501988045638427
0.0137913094367832
0.992135915206745
0.763518230291083
0.303293265402317
0.31616924284026
0.740317493677139
0.372839984251186
0.840451792115346
0.119193495251238
0.868822955526412
0.522104777861387
0.738974233390763
0.375921750208363
0.618255525827408
0.702234163647518
0.568951311521232
0.626264706486836
0.845469605643302
0.486304030288011
0.836458679987118
0.758225151337683
0.611795735312626
0.687579855555668
0.962683065794408
0.3089093437884
0.860819832189009
0.0792865578550845
0.437068078666925
0.85817404370755
0.661486586555839
0.4882493885234
0.275749919936061
0.91317567252554
0.93638249929063
0.865693933097646
0.131575340172276
0.19021335337311
0.736781880725175
0.0385038363747299
0.991127699846402
0.914975195657462
0.695592249976471
0.276213422650471
0.797465046402067
0.440809727879241
0.0791372139938176
0.181504155742005
0.234403765527532
0.884248289046809
0.517463205382228
0.979478955501691
0.987189487554133
0.633563340874389
0.331863892730325
0.727548544527963
0.992588901426643
0.468331383075565
0.149051086744294
0.77888876083307
0.0995920153800398
0.759100863477215
0.260616321582347
0.308710577664897
0.49299178738147
0.63624612800777
0.597404319560155
0.841026827460155
0.174058384029195
0.646808358374983
0.127387726446614
0.756606216309592
0.326339641353115
0.0966671432834119
0.257309340173379
0.468560928013176
0.421087884344161
0.356370928231627
0.477179118897766
0.15890079527162
0.4729636865668
0.70205187308602
0.962840740568936
0.840137358056381
0.417856293031946
0.710716185159981
0.940156616037712
0.463018732843921
0.55773174832575
