0.937613882590085
0.0328119352925569
0.864298305241391
0.115525189787149
0.289474736200646
0.173270193627104
0.361301123630255
0.900812595849857
0.283196788048372
0.747496217954904
0.592986019328237
0.0827973454724997
0.174442945281044
0.110630585579202
0.148018863750622
0.425262587144971
0.654121294850484
0.358528198674321
0.237420344026759
0.917536946712062
0.422780318884179
0.662862266181037
0.0967007547151297
0.0761046600528061
0.404248689999804
0.31073164450936
0.828321828739718
0.990949365776032
0.870687700109556
0.607640181202441
0.747836891561747
0.374948549084365
0.242288093082607
0.649052476277575
0.294186994200572
0.229795641032979
0.544007672229782
0.667933408403769
0.921658558538184
0.407120868330821
0.703624359564856
0.308696530293673
0.79758936050348
0.747705518268049
0.585044626845047
0.470793822780252
0.702670862432569
0.690496149472892
0.136349225882441
0.311088188551366
0.459388094954193
0.495670758420601
0.0539754016790539
0.168847938999534
0.922182720154524
0.37475949130021
0.361679234541953
0.0713295345194638
0.547647952800617
0.853743137326092
0.808648068225011
0.870488044572994
0.606065015075728
0.600222294451669
0.0774768493138254
0.711387614253908
0.10563375451602
0.355903014075011
0.0359445353969932
0.575308148283511
0.477265420835465
0.140735321678221
0.957114739110693
0.35400727414526
0.0614355131983757
0.73233861871995
0.156778915319592
0.584652957506478
0.14883111580275
0.764922392321751
0.409326330060139
0.977007090579718
0.453478525159881
0.13970051612705
0.0298681736458093
0.941208605887368
0.681739475345239
0.900953165488318
0.725815747398883
0.711183211067691
0.716039773309603
0.422690243227407
0.868579855887219
0.759607488755137
0.420968079473823
0.30842329422012
0.533943891758099
0.272908729501069
0.445597424870357
0.106047791661695
