0.659890089184046
0.647968848468736
0.00461416505277157
0.96587699977681
0.0264009614475071
0.744449473684654
0.175399886677042
0.482119999825954
0.777339193969965
0.652508233673871
0.860068003647029
0.838610759936273
0.826038011815399
0.550778000848368
0.171247353311628
0.34215602860786
0.949300553184003
0.95954113593325
0.283294020453468
0.580752731766552
0.850617062766105
0.155381176155061
0.587196600623429
0.331491024699062
0.940533446613699
0.103741893079132
0.0691896993666887
0.73223070288077
0.49131219019182
0.37546400190331
0.48841444356367
0.685884374659508
0.180999651318416
0.74605760583654
0.878123820759356
0.295430137077346
0.576050877803937
0.135301936184987
0.162294049747288
0.16561028896831
0.0318794073536992
0.692570682382211
0.326902982080355
0.312412935774773
0.156726877205074
0.424834945704788
0.691254213452339
0.61520111747086
0.655771779594943
0.000647565815597773
0.248943947488442
0.0518797826953232
0.548286842880771
0.481840125052258
0.206867370055988
0.545581782003865
0.240742361871526
0.899085556622595
0.358368968358263
0.282565698260441
0.981757811270654
0.394170947838575
0.964933523442596
0.183943703072146
0.510864444077015
0.0456044911406934
0.442899540066719
0.644909776281565
0.834869076032192
0.864578476408496
0.869964919285849
0.782387765590101
0.0772891878150403
0.174321924569085
0.829696452710778
0.0655685716774315
0.835064702900127
0.144491619896144
0.610583367757499
0.289778549224138
0.546573346480727
0.411947952350602
0.921322940150276
0.797968788538128
0.853184676729143
0.711978745646775
0.891324488213286
0.777585187461227
0.273622903041542
0.213083587121218
0.517768025631085
0.298181324033067
0.0863104693125933
0.777711206115782
0.433227543951944
0.678201484959573
0.360925538931042
0.513908063992858
0.30729063693434
0.529512375593185
