0.894031571224332
0.673251636326313
0.501951845362782
0.857715903082862
0.0307617783546448
0.833586949855089
0.879641688428819
0.807909687049687
0.189619836397469
0.990077102091163
0.347094193566591
0.30242425063625
0.751545276492834
0.549846969312057
0.187287478707731
0.1922815926373
0.412850114516914
0.0621099956333637
0.932688651839271
0.453431079629809
0.983168221078813
0.217521438840777
0.186212655855343
0.416954193497077
0.294051822507754
0.422633219743147
0.417772393673658
0.414601922035217
0.87306608306244
0.780505696311593
0.737424835329875
0.879892764147371
0.32907107216306
0.593396444804966
0.234688702970743
0.247061144793406
0.564140215748921
0.564357748720795
0.0645048087462783
0.609657437773421
0.000882691005244851
0.681710156844929
0.163239173358306
0.950951857492328
0.488982467679307
0.715469331946224
0.513924081344157
0.990908330772072
0.546495283022523
0.505598467076197
0.0930999051779509
0.686034157173708
0.55724325007759
0.249289776897058
0.091894363751635
0.395902425283566
0.671710108406842
0.565690332558006
0.808345097117126
0.989264474017546
0.392419976415113
0.0318227217067033
0.505441084038466
0.916584772756323
0.214776407927275
0.051517321029678
0.239152123220265
0.300657205749303
0.621765086892992
0.667446102015674
0.998755598440766
0.76291875471361
0.328077406622469
0.172331452835351
0.549901732942089
0.473349502542987
0.338587478268892
0.0561988768167794
0.802569210762158
0.597130668349564
0.334376870887354
0.292290171841159
0.486849701730534
0.073406289331615
0.330819520168006
0.24236014764756
0.302362790331244
0.924784232629463
0.296848356490955
0.00758821680210531
0.234549690270796
0.97958895098418
0.949452022090554
0.857940739253536
0.113658784655854
0.803370809881017
0.165525153744966
0.595168122556061
0.916942128678784
0.651899395277724
