0.450142707908526
0.00154371117241681
0.138137886999175
0.579329067608342
0.00192629476077855
0.726038775872439
0.448676647618413
0.360463976394385
0.562972042709589
0.486499181715772
0.559182486031204
0.7469647587277
0.885232459753752
0.330920765642077
0.997985994443297
0.780364209087566
0.422886284533888
0.11656579351984
0.683942350326106
0.433032905915752
0.921586402924731
0.334071235498413
0.475501913111657
0.875751310260966
0.289051132742316
0.451893790625036
0.927332141902298
0.545431249076501
0.416566350497305
0.82138274773024
0.0278599942103028
0.359482950530946
0.497330331942067
0.531990481540561
0.341738576069474
0.512192646274343
0.874559671618044
0.553330627502874
0.260818062117323
0.287824174156412
0.733125905971974
0.201550497207791
0.0181191274896264
0.382683577481657
0.893257803516462
0.217653817264363
0.584050033940002
0.13445967505686
0.65596635104157
0.162932905368507
0.0827748121228069
0.214576735626906
0.937390466220677
0.567925984272733
0.481093350565061
0.1288103943225
0.432873796205968
0.373292008414865
0.751206981949508
0.0571073619648814
0.552985268412158
0.185656615765765
0.336986061418429
0.0184776552487165
0.0430319455917925
0.811784531688318
0.732018289156258
0.241110786329955
0.397974977502599
0.104153929511085
0.0786435918416828
0.126967549324036
0.408005389384925
0.430817497428507
0.712260487722233
0.0495126789901406
0.603717552963644
0.992731108795851
0.587595528224483
0.769701057113707
0.687292320653796
0.576497387140989
0.0158017566427588
0.0870698010548949
0.397193010896444
0.508074885699898
0.35524889617227
0.647894957801327
0.89510361617431
0.188693849602714
0.840129601536319
0.352440114365891
0.786171725951135
0.136296679731458
0.726565939607099
0.920073414454237
0.320054004201666
0.928076820448041
0.195258188061416
0.389966567512602
