0.896130088251084
0.215121517889202
0.0527958394959569
0.446700731525198
0.129009227268398
0.761301993159577
0.164634635439143
0.913070150651038
0.560936686350033
0.09172058920376
0.887008462566882
0.174735404551029
0.0273584991227835
0.190173914190382
0.595079230843112
0.0134645481593907
0.193381681339815
0.262069741962478
0.498037522891536
0.325794867472723
0.218330320902169
0.799428777536377
0.151585299987346
0.534516107290983
0.0634786309674382
0.586560403928161
0.636113876011223
0.592125115916133
0.506104349391535
0.24848530581221
0.0643863726872951
0.916513429488987
0.906246155500412
0.621613727649674
0.60150501690805
0.397967659402639
0.0544149409979582
0.632488556671888
0.00305895158089697
0.100449424702674
0.137396088801324
0.954576610354707
0.295978551730514
0.293596086092293
0.395909059327096
0.834547504317015
0.169506281148642
0.77665433450602
0.569570952793583
0.298453164054081
0.563635690603405
0.781491406727582
0.365209808340296
0.222344900714234
0.879244078416377
0.34659995092079
0.278891700087115
0.910473424708471
0.816088747233152
0.655171888880432
0.191662143915892
0.188883861526847
0.0563096704427153
0.607224890962243
0.983687199885026
0.211876586545259
0.175877996953204
0.329602262936532
0.539829329354689
0.100673279026523
0.986013384535909
0.16024113073945
0.817136434605345
0.522338921204209
0.955909269396216
0.32975028292276
0.0521821004804224
0.11003769072704
0.623191303340718
0.808897237293422
0.21883314778097
0.996736731613055
0.725719837006181
0.941584850661457
0.143510569119826
0.0406062300316989
0.325669000390917
0.76536018983461
0.21295662317425
0.0852260247338563
0.850890267407522
0.000879436265677214
0.412278126226738
0.93868139735423
0.141541424207389
0.303350974805653
0.7997317656409
0.815889267716557
0.0922622592188418
0.886834521777928
