0.510164883453399
0.758577020606026
0.589076280128211
0.274532520910725
0.807234630687162
0.663442583987489
0.885999910300598
0.757783312350512
0.409770840080455
0.181257374119014
0.0153819902334362
0.350127845071256
0.274580860510468
0.434175105998293
0.699075990822166
0.261156352469698
0.801361808320507
0.938865004805848
0.882427231874317
0.491891130106524
0.758229220518842
0.575966188451275
0.244362337049097
0.890676078153774
0.00601444975472987
0.71925158565864
0.337382390862331
0.639917833963409
0.369229853153229
0.620001174043864
0.796707079745829
0.0546273128129542
0.499643859919161
0.412977266125381
0.0594853793736547
0.076474767876789
0.287045889766887
0.144887855043635
0.823255496565253
0.87470263754949
0.932809899095446
0.498223339905962
0.827215333469212
0.451280455105007
0.746010587085038
0.826312806457281
0.585592763265595
0.842416879720986
0.00291921268217266
0.521956369047984
0.151570472400635
0.620125094428658
0.878695255145431
0.869752053171396
0.0991740745957941
0.813755623996258
0.933080254355446
0.0820337338373065
0.00353855988942087
0.247872005682439
0.734162080800161
0.00717670097947121
0.16017792490311
0.114615809638053
0.742200025822967
0.322166014928371
0.539265839615837
0.587318080244586
0.888875491917133
0.47599611687474
0.279316512402147
0.504401370417327
0.387890549842268
0.693452479550615
0.923159008380026
0.984398873290047
0.745228045852855
0.201607175869867
0.320951321860775
0.402396562742069
0.732446934329346
0.0593906748108566
0.837509740376845
0.474861084017903
0.888726983917877
0.47312296484597
0.765989259583876
0.961697831982747
0.982005679514259
0.844164535868913
0.501454851357266
0.457681855652481
0.282825466245413
0.801934058079496
0.43792553502135
0.272031853441149
0.958229830022901
0.956673766719177
0.774521161336452
0.268267033156008
