0.426965213147923
0.272445195587352
0.978990691481158
0.357191050192341
0.498659018427134
0.309582506772131
0.0644339425489306
0.591269643278793
0.266164453700185
0.659937489777803
0.0966313199605793
0.993289910955355
0.0782606096472591
0.879219851223752
0.0703886072151363
0.726361261215061
0.609660298796371
0.378948319004849
0.429002886405215
0.455386579968035
0.865359486546367
0.699131119530648
0.954066698206589
0.604810898192227
0.583215913968161
0.38924613292329
0.102157904999331
0.628578362986445
0.685517321107909
0.935779064893723
0.641047660028562
0.407999746967107
0.0567308261524886
0.108678316930309
0.509381651878357
0.14130226126872
0.129410671070218
0.00411467743106186
0.671434016898274
0.955120622646064
0.096924411598593
0.730534184956923
0.147889861604199
0.332840728573501
0.392738051246852
0.5930310706608
0.000377783086150885
0.804370854049921
0.265974559355527
0.148582534166053
0.118302198359743
0.909895668970421
0.712430957937613
0.747807339765131
0.335872099502012
0.438902156893164
0.865911734988913
0.119338863994926
0.150942423380911
0.0523660269100219
0.879598534666002
0.147441909182817
0.883863198338076
0.605863774660975
0.16256485809572
0.972078179242089
0.637971551623195
0.0619703538250178
0.552927400916815
0.951001496519893
0.645484549691901
0.222511015599594
0.839714168105274
0.540687295841053
0.810417887521908
0.8339651201386
0.916282279416919
0.825699598761275
0.113326261285692
0.124766859924421
0.76173759275116
0.506457288749516
0.180554582504556
0.476151742972434
0.0148480711504817
0.933284145314246
0.336172779090703
0.328939255094156
0.0476075867190957
0.859166642418131
0.888799661770463
0.480816255556419
0.572167451027781
0.558847706997767
0.595197394723073
0.5477616970893
0.942125061294064
0.0173391080461442
0.588571956148371
0.375146840233356
