0.307296198792756
0.182908392045647
0.632730538258329
0.313211073400453
0.622891532955691
0.339442742988467
0.232137389248237
0.871437270892784
0.60205153352581
0.33803672157228
0.774519450264052
0.883135688723996
0.666805248009041
0.399011695059016
0.119687982834876
0.89196714037098
0.701897341059521
0.726700594881549
0.28922318527475
0.627355541568249
0.482813572976738
0.976224434096366
0.520481682615355
0.0840057679452002
0.553187279263511
0.799517116742209
0.601649005198851
0.0763772805221379
0.131831882288679
0.0121046386193484
0.129133230308071
0.400955296121538
0.185115335742012
0.188266062643379
0.84672059956938
0.959745485335588
0.394756741821766
0.509810027433559
0.615676752990112
0.643059811089188
0.187973709544167
0.994439948350191
0.724277150817215
0.354314037365839
0.173900845460594
0.575555529911071
0.894018008373678
0.0601811378728598
0.574166989885271
0.971639205003157
0.467046309961006
0.00287346914410591
0.802273523528129
0.464116484392434
0.754388809902593
0.105961682042107
0.293249398935586
0.53116867179051
0.551181390648708
0.634484086185694
0.414146771887317
0.839618263533339
0.9854172677733
0.296683167340234
0.262469936627895
0.483592912787572
0.70069367159158
0.0219210537616163
0.607793377479538
0.224159743404016
0.473850649548694
0.583531744778156
0.857262695441023
0.218447536230087
0.617447529453784
0.103538273600861
0.442159228958189
0.333695972571149
0.633765022736043
0.00228489493019879
0.105814329115674
0.983573666773736
0.679581207456067
0.752690877765417
0.476138373836875
0.487195496680215
0.504671726608649
0.544956431956962
0.514690913492814
0.52030961913988
0.728249064181
0.892375452443957
0.722557878820226
0.844451525248587
0.467805386986583
0.137731622206047
0.244256011443213
0.413619139231741
0.937110891100019
0.529131409013644
