0.6181533371564
0.527425799285993
0.325266158208251
0.903488822747022
0.422664664918557
0.411313547752798
0.757764158770442
0.260843150084838
0.354671142296866
0.730427419068292
0.0758802776690573
0.138260356616229
0.641728303162381
0.547516965772957
0.00407183496281505
0.47517589549534
0.420390368672088
0.9159964134451
0.174032097915187
0.405768566066399
0.925195666728541
0.0271198232658207
0.836054384941235
0.432062135776505
0.0513868522830307
0.120930375764146
0.925395014230162
0.158066545845941
0.8620731967967
0.854572678916156
0.537730443291366
0.781842895783484
0.951863545691594
0.900584327522665
0.286135654896498
0.642440386116505
0.158148546237499
0.674804379697889
0.127854267135262
0.390430885832757
0.499020335730165
0.307952511822805
0.934241290902719
0.887598271947354
0.430488407379016
0.0484925901982933
0.9725970341824
0.553231654688716
0.227112530497834
0.752964099636301
0.215571140870452
0.947910311399028
0.905704972101375
0.918606510618702
0.0615536661352962
0.516060390975326
0.618607576703653
0.136852238327265
0.851618326967582
0.479540803469718
0.411386745516211
0.661776323104277
0.155521645676345
0.34879896347411
0.654401639709249
0.513023190433159
0.485446922015399
0.201942193787545
0.0747331425081939
0.551549546886235
0.488014806294814
0.761939921882004
0.00515626883134246
0.484695323277265
0.121906291460618
0.149137005675584
0.486512549687177
0.291168579831719
0.40246326290071
0.00313112209551036
0.22644099034369
0.588391879806295
0.782600397476926
0.640845781890675
0.13645624788478
0.312047037994489
0.144520608242601
0.282058809651062
0.26556885917671
0.0131770540028811
0.82040617056191
0.145604153396562
0.844752249540761
0.379560122499242
0.88433862500824
0.819345466792583
0.523829356534407
0.249503794591874
0.613740995060652
0.492254690499976
