0.666156391613185
0.0919963722117245
0.910771221853793
0.253982986323535
0.623897790210322
0.236629143357277
0.344134293496609
0.0309972821269184
0.145444044843316
0.709088005824015
0.317814063513651
0.461023759096861
0.0946820043027401
0.152604461181909
0.0369389969855547
0.753983660368249
0.563447040738538
0.947740538511425
0.325468042865396
0.976704085012898
0.84022732404992
0.397835777839646
0.301499127177522
0.71386596467346
0.843993409303948
0.758977138437331
0.182903595967218
0.767195253400132
0.141625879798084
0.790352548006922
0.517132639652118
0.239782924763858
0.264625786338001
0.775511227315292
0.174421140458435
0.367599451215938
0.839873883174732
0.0492307625245303
0.888476754073054
0.112983197672293
0.0522295495029539
0.6775853773579
0.877243149559945
0.704280677251518
0.501570396590978
0.318015116732568
0.180487160338089
0.314466315321624
0.77883162884973
0.0576891836244613
0.623643006663769
0.205727051012218
0.171924252528697
0.869863732717931
0.847320042783394
0.138380854856223
0.467350384918973
0.0103507600724697
0.854948519961908
0.0743401208892465
0.185704835457727
0.176245543407276
0.762466337531805
0.587729615392163
0.234037235146388
0.462022510822862
0.554753709118813
0.53967725369148
0.71971061010845
0.97816097130999
0.0932867096271366
0.772722590947524
0.79359189234674
0.27175909280777
0.417909455019981
0.981572302524
0.106011940864846
0.177831704961136
0.690828243969008
0.621444229502231
0.245192076545209
0.449993608985096
0.560235192300752
0.916582849342376
0.32012095162645
0.862690909765661
0.310089669190347
0.434524392941967
0.826143022160977
0.330666433786973
0.571653892053291
0.278059938224033
0.97829948598519
0.831451636273414
0.501056300709024
0.570348552428186
0.433026852551848
0.84353775321506
0.10960757615976
0.35056517412886
