0.758176798699424
0.631540258182213
0.96109588840045
0.363831796916202
0.902747335610911
0.384811913594604
0.485315697267652
0.99123197584413
0.181678161025047
0.24348652898334
0.206749308854342
0.652664165245369
0.174221707740799
0.00924999499693513
0.00521855754777789
0.961223775753751
0.118383629480377
0.822053464595228
0.346348268445581
0.675245311344042
0.0827568611130118
0.180110602872446
0.384028509259224
0.538380749057978
0.56968827242963
0.187139712739736
0.55180238536559
0.001675647450611
0.671199943404645
0.182740311371163
0.822566681308672
0.728454630821943
0.481437732465565
0.108089321292937
0.0407280696090311
0.696439144667238
0.095670101698488
0.13327537314035
0.863850209163502
0.109756427584216
0.470922083361074
0.626722005894408
0.449491104343906
0.146618911530823
0.546348472125828
0.78418535599485
0.534558481303975
0.662769916700199
0.478336639935151
0.421788677806035
0.393990150419995
0.614974231924862
0.705275234999135
0.847301197703928
0.478369359392673
0.249572738772258
0.948979615001008
0.253393471939489
0.449061300139874
0.864477038383484
0.675205130362883
0.157612939598039
0.177877785637975
0.121949576074257
0.247871714178473
0.210388984065503
0.910000977106392
0.767771817976609
0.528026851592585
0.880956932203844
0.549224945250899
0.893170040566474
0.115858549484983
0.955839144298807
0.704416217049584
0.30868337652646
0.531212002038956
0.166542371967807
0.0306548436637968
0.720424926606938
0.179209280060604
0.0390813034027815
0.872015562374145
0.716000509448349
0.884645681362599
0.846164003247395
0.688635386293754
0.00854904297739267
0.628494098549709
0.376276822760701
0.738854152848944
0.0971608082763851
0.667762646451592
0.385167130967602
0.766966249328107
0.639224438462406
0.611911674262956
0.72174485726282
0.410435393452644
0.152543348493055
