0.19083114201203
0.659284493653104
0.800031267106533
0.652070378884673
0.134734257822856
0.675524733262137
0.00290965684689581
0.360453919274732
0.219887470128015
0.964831660501659
0.0873046924825758
0.115914423950016
0.373455162392929
0.310626115417108
0.710179914953187
0.325469805160537
0.148213885026053
0.576362638035789
0.0696215603966266
0.306523461360484
0.26725573441945
0.151916956529021
0.913779061986133
0.656362363835797
0.331604314036667
0.431137073086575
0.299990961328149
0.291183656547219
0.0492712797131389
0.173459259793162
0.289796099998057
0.583193781087175
0.648873691447079
0.450764779932797
0.849027243210003
0.159784720744938
0.990056850248948
0.633285658201203
0.575744112487882
0.581951092695817
0.790462309261784
0.596552569884807
0.680384126259014
0.881917241262272
0.740241498453543
0.902727053267881
0.5954397295136
0.816407716367394
0.330820296891034
0.00306131760589778
0.679070361191407
0.845557473599911
0.149014791240916
0.22313225758262
0.337398991454393
0.286307470640168
0.189626415027305
0.636590207228437
0.569653528742492
0.838158030062914
0.948315196437761
0.44410651223734
0.827054585097358
0.745494108647108
0.26405446883291
0.875950978137553
0.27197635313496
0.657711886567995
0.292869177646935
0.763460406335071
0.608626020140946
0.848212776705623
0.244275816483423
0.156935693696141
0.326916730264202
0.708961767144501
0.782294790726155
0.395823631435633
0.790097511839122
0.706509183160961
0.563923419686034
0.241391741903499
0.376220266800374
0.408274494111538
0.665534847881645
0.655047364998609
0.718799322610721
0.854587262962013
0.671899790875614
0.967637131456286
0.16753741982393
0.85549194412306
0.513789270538837
0.159636240685359
0.588328815530986
0.959133649012074
0.720008217263967
0.175478204619139
0.327081118477508
0.334848564350978
