0.960967849008739
0.671945136040449
0.771387886721641
0.250214371364564
0.486002162564546
0.402425668668002
0.366818454116583
0.306527493288741
0.32963580568321
0.810231233714148
0.134798294398934
0.484826704952866
0.424442270072177
0.659306221175939
0.425845157122239
0.941364116966724
0.729205661220476
0.740449290024117
0.553063233383
0.0785667612217367
0.334744618972763
0.0860145108308643
0.0296859128866345
0.42959564528428
0.0214026703033596
0.230400275439024
0.766978070605546
0.984870512504131
0.427727834321558
0.845044036861509
0.762834153603762
0.127464720280841
0.866739255841821
0.550721072824672
0.946634911699221
0.508557436754927
0.135654099984095
0.423841127194464
0.27395413746126
0.328504538396373
0.917296872939914
0.488070402061567
0.508833091007546
0.486501707229763
0.158589156344533
0.363347268197685
0.42274758615531
0.951166385319084
0.525747869862244
0.126809618668631
0.878478585276753
0.610361212166026
0.566252847202122
0.374957212246954
0.0763235811609775
0.409656246192753
0.541632250649855
0.959642017260194
0.274557798868045
0.253921051044017
0.513464575866237
0.84190369118005
0.59109536325559
0.511678479611874
0.00207773316651583
0.790417176438496
0.993162038503215
0.317847246536985
0.862683178856969
0.153040246572345
0.957283898256719
0.482828266685829
0.492438451386988
0.661097520496696
0.877912732306868
0.0677333727944642
0.919531027320772
0.622009215177968
0.656190159730613
0.391718054423109
0.779387507354841
0.607951546087861
0.589468434453011
0.762145588640124
0.785243968013674
0.35626724222675
0.79425079212524
0.159413781017065
0.0245946368668228
0.587700848933309
0.611056925496086
0.134177267784253
0.318843922112137
0.54811161197722
0.264528696425259
0.733003633562475
0.741881349124014
0.214034708449617
0.833438862115145
0.124954458791763
