0.451316960155964
0.684295381419361
0.535462862579152
0.0146623230539262
0.546604623086751
0.934760129312053
0.0456614647991955
0.199169001542032
0.671368839917704
0.282519536791369
0.965744218090549
0.405512298922986
0.420366709120572
0.74557639635168
0.461685914546251
0.528974931454286
0.443134453846142
0.0937124588526785
0.497450940078124
0.860402836231515
0.99124747607857
0.895217094104737
0.848317762836814
0.508027013391256
0.982159801525995
0.469361216994002
0.714065770152956
0.0488650570623577
0.670872212620452
0.407610634109005
0.164666900411248
0.125896566780284
0.41553088510409
0.416037436807528
0.519286243245006
0.442213431699201
0.832013657782227
0.873098768061027
0.653202342567965
0.769585151458159
0.411167650017887
0.482169438386336
0.197335178032517
0.73854028317146
0.839350178837776
0.592461973894387
0.575307909632102
0.59907139185816
0.289055579574779
0.855252421461046
0.39431424299255
0.0164867355488241
0.861186637543142
0.19974703877233
0.249248448992148
0.23451458546333
0.0552221585530788
0.249852634733543
0.262637362349778
0.556423902045935
0.178864797111601
0.838281385367736
0.230945782270283
0.423161469399929
0.101499588228762
0.666141499299556
0.888156222179532
0.68436690676026
0.991564041236416
0.58805439597927
0.966453310567886
0.187922894256189
0.389608643017709
0.911929764086381
0.348191212164238
0.822054211283103
0.120968816569075
0.753681915346533
0.40250750281848
0.0682059600949287
0.630085720447823
0.594921423587948
0.00789751508273184
0.571170634124428
0.0597321488894522
0.537942778551951
0.677696829196066
0.404367950977758
0.162680221488699
0.137097754748538
0.144077681936324
0.0678568624425679
0.173615398816764
0.0984330240171403
0.983969358727336
0.556014449568465
0.0579869565553963
0.754378960002214
0.891277184244245
0.483147768070921
