0.831486086593941
0.162964880932122
0.502098293043673
0.434116689488292
0.781244539655745
0.0206443779170513
0.843954503303394
0.297402740223333
0.306337332352996
0.769135766429827
0.411424729507416
0.323010858846828
0.879930413793772
0.176054928917438
0.570244956295937
0.636288735782728
0.251545399427414
0.226558731636032
0.242673269240186
0.063984413864091
0.579041551332921
0.655009270878509
0.854211624944583
0.601313161896542
0.340817238437012
0.922513072146103
0.38526976457797
0.97148766880855
0.18676124420017
0.251116436906159
0.103607482044026
0.0695261722430587
0.549744333140552
0.0310538536868989
0.0821333010680974
0.895743173081428
0.917954964563251
0.500666014617309
0.59272857545875
0.55367136397399
0.58112521097064
0.808944625314325
0.826609700219706
0.223923819838092
0.685846203239635
0.20319065079093
0.333966070553288
0.270656525390223
0.202382767107338
0.498102005338296
0.474401267478243
0.18689623917453
0.973446586402133
0.782384625636041
0.654669905547053
0.361480916617438
0.383432193892077
0.985422440804541
0.454099140129983
0.561974130338058
0.44628175557591
0.540615313919261
0.729382143588737
0.20846777386032
0.791444427799433
0.600131647195667
0.485130625311285
0.924279774539173
0.385569590609521
0.0567479601595551
0.472054164623842
0.0969103956595063
0.36578480922617
0.0500033525750041
0.730580486590043
0.239783848635852
0.0823037633672357
0.962342559825629
0.112598901614547
0.333020317368209
0.156694469274953
0.478378386469558
0.0767238906119019
0.900133668677881
0.713961271103472
0.591260676737875
0.378647465026006
0.257952713174745
0.328895800514147
0.340086128329858
0.140442323638126
0.595043245237321
0.500652430579066
0.541270305635408
0.407508840784431
0.108119956450537
0.0970672743860632
0.169887013500556
0.459571775980294
0.383851144695655
