0.902698747813702
0.649365741526708
0.218811445171013
0.239269517594948
0.809596339939162
0.975333729526028
0.768873617285863
0.985640503000468
0.064800790976733
0.805067247478291
0.92937919870019
0.193658381234854
0.385761484736577
0.993419100763276
0.347643315326422
0.653933104826137
0.517838960047811
0.113128495402634
0.621837309096009
0.0744563390035182
0.740683909039944
0.973585337400436
0.509874545037746
0.554293371737003
0.398994297254831
0.477516838815063
0.648332293145359
0.655979227507487
0.319416486658156
0.97186399041675
0.452502519357949
0.344102043658495
0.432991434819996
0.964124701917171
0.427485401043668
0.566569985821843
0.893080119974911
0.18768080836162
0.662825361359864
0.507476694183424
0.58427735674195
0.467387470183894
0.155441193841398
0.692658213432878
0.0239185565151274
0.802635017549619
0.29200066300109
0.304169808980078
0.304205048596486
0.61555731203407
0.28428700263612
0.857604601886123
0.477738328976557
0.153065227204934
0.791355386609212
0.840876503149047
0.99707113741897
0.0625313033815473
0.704992118524387
0.866390341427177
0.534463013987988
0.0555217480286956
0.388411911437288
0.491940141189843
0.955690362723544
0.404351267963648
0.212351575493813
0.940171702764928
0.645769185619429
0.708681945689023
0.820252068107948
0.151151539059356
0.747848918428645
0.513519264291972
0.478349157609046
0.981360166566446
0.347483195131645
0.1323434158694
0.335945357335731
0.256879569962621
0.187492395751178
0.251217699842528
0.992491505807266
0.192725980654359
0.816630992339924
0.635425685206428
0.108472365420312
0.948002778692171
0.362502496689558
0.440487839048728
0.844942304771394
0.396687714615837
0.451220225077122
0.622987752314657
0.216504761716351
0.782216059509665
0.737466826336458
0.854155021952465
0.0532471982296556
0.435503072105348
