0.358032927848399
0.643012256361544
0.787092390004545
0.793946407502517
0.348272744799033
0.124730636365712
0.853853605687618
0.703940027393401
0.872128328308463
0.935335271526128
0.974026900250465
0.360212591476738
0.281948271440342
0.0120039833709598
0.851256190799177
0.847151428926736
0.163963985396549
0.92774813529104
0.442204979015514
0.733271085657179
0.841766849625856
0.917347527807578
0.423140058992431
0.392888507340103
0.750119330594316
0.386355686699972
0.310189462965354
0.561462140176445
0.0944528023246676
0.239119435660541
0.370941397035494
0.854709319537506
0.834875006461516
0.447959034936503
0.110771786188707
0.169022450223565
0.152388845104724
0.216956889256835
0.381164849037305
0.589661545585841
0.794660365674645
0.578253904590383
0.329993312712759
0.468831023899838
0.235949055058882
0.90346035384573
0.155991634121165
0.990826346678659
0.398301519453526
0.999102214816958
0.66692345449701
0.913066217675805
0.522111791884527
0.717051933985204
0.325420191744342
0.82821449264884
0.57454707310535
0.716796910157427
0.93604891654104
0.390328012173995
0.143098952015862
0.472907359478995
0.423203081823885
0.139350734185427
0.775022626854479
0.051144526572898
0.975146495271474
0.573202182305977
0.35315628699027
0.246191579382867
0.60147899040021
0.811904738657176
0.0518421565648168
0.258396922843531
0.646425277693197
0.178183636628091
0.668548683868721
0.943417290924117
0.0948393405415118
0.798114277422428
0.288243909366429
0.351240076124668
0.969069103011861
0.0270623969845474
0.337439984316006
0.317195810610428
0.0383786056190729
0.584957834333181
0.57433985825628
0.304054321488366
0.126229345565662
0.246380558470264
0.741965482477099
0.155493408441544
0.63431060523726
0.381467480678111
0.841184023534879
0.23451555846259
0.825553194154054
0.30798316327855
