0.836370571749285
0.704910114174709
0.0613096363376826
0.0364871902856976
0.687631913926452
0.614475043257698
0.235403463244438
0.976474153809249
0.331386540085077
0.345954775577411
0.190726461587474
0.136539389379323
0.482810731977224
0.658897206420079
0.677721572341397
0.468305501388386
0.507030744571239
0.700703509384766
0.446761465165764
0.799232209101319
0.561463431455195
0.141921812668443
0.836088789161295
0.635611286154017
0.241772793233395
0.930760423885658
0.0686515138950199
0.826013872399926
0.107263188110664
0.37079009367153
0.151271409587935
0.998952391557395
0.533324437914416
0.809474916895851
0.0140527992043644
0.202546146465465
0.0935613478068262
0.0920398209709674
0.363568539964035
0.594298309180886
0.374631919898093
0.142885629553348
0.105328301200643
0.682288214797154
0.356420295778662
0.437351318076253
0.186633244156837
0.0684993958566338
0.823904533172026
0.542296014958993
0.796165233012289
0.6348870114889
0.0919963410124183
0.0237411111593246
0.774437804706395
0.584691101917997
0.374639753717929
0.367768464609981
0.421322623966262
0.265828951494768
0.866159793687984
0.491075779311359
0.232056997017935
0.287226617103443
0.583921521436423
0.285776107572019
0.737637288868427
0.762942091561854
0.020213256822899
0.23757335357368
0.514898319030181
0.121355314273387
0.865751806413755
0.660179290454835
0.421693754615262
0.977839120430872
0.147896646987647
0.625602964777499
0.948250783141702
0.607898720540106
0.996703435666859
0.629782386589795
0.15815040236339
0.541333548957482
0.123990323860198
0.172835953533649
0.715343860676512
0.421062685316429
0.752440755954012
0.608644827036187
0.995477897347882
0.743074750294909
0.128022160613909
0.59891230170615
0.445717081427574
0.14930450450629
0.714093143353239
0.519672221271321
0.104022309416905
0.406855813693255
