0.119229282950982
0.423136350000277
0.506856340216473
0.068284320877865
0.271039533661678
0.050380424130708
0.602236443199217
0.672473930520937
0.359269221546128
0.385494665242732
0.479622857877985
0.481733760097995
0.292485518148169
0.565415199147537
0.361106514930725
0.335549167357385
0.857043280266225
0.168755680089816
0.388658584095538
0.122701816027984
0.559298069216311
0.18081711884588
0.355402587447315
0.569197478936985
0.505755089689046
0.16285689570941
0.33384703216143
0.109799009514973
0.556763369822875
0.787171896081418
0.226811726810411
0.559363543288782
0.524397360626608
0.145903212716803
0.282813132973388
0.0631765415892005
0.0438952362164855
0.409759104251862
0.414674946572632
0.313256244407967
0.0678280931897461
3.02810221910477e-05
0.982260589022189
0.623359785415232
0.652376759797335
0.218476029345766
0.99556514294818
0.273412864655256
0.939335954608396
0.48726148228161
0.404420893173665
0.118417232995853
0.102303630672395
0.163595754187554
0.912534343078732
0.523723412537947
0.0949341098312289
0.784413449233398
0.787780612707138
0.501093927072361
0.708577509270981
0.590318214613944
0.946748725138605
0.643140324391425
0.81895985500887
0.881561532150954
0.953434488736093
0.471541038248688
0.330758795607835
0.619895077310503
0.0455932701006532
0.288150260457769
0.598282602382824
0.332425782224163
0.161744580836967
0.592613977612928
0.223806331632659
0.922942949691787
0.717338079120964
0.890917421551421
0.407656080555171
0.0325948405079544
0.455108164343983
0.24123421846889
0.877218591980636
0.797395814210176
0.327219837810844
0.41531588579528
0.0127620650455356
0.84915563184768
0.0815874454565346
0.863907212624326
0.199238226981834
0.396008442156017
0.635085903806612
0.351642088964581
0.972906159702688
0.869606253691018
0.616409118985757
0.30526841362007
