0.319653485901654
0.657135276356712
0.426522743422538
0.720770033542067
0.976222685072571
0.524133655941114
0.406969598028809
0.168169149663299
0.204860164783895
0.716199650196359
0.733750454382971
0.408334900392219
0.46502914885059
0.839396860217676
0.835925253108144
0.798533657565713
0.624578778864816
0.662652008235455
0.851428206078708
0.251912588719279
0.0279704930726439
0.435850392794237
0.569066494936123
0.493599684676155
0.717527960427105
0.442357282619923
0.126204050844535
0.994371515931562
0.131030935561284
0.257361252559349
0.216114851646125
0.049318331759423
0.245487016392872
0.945258107502013
0.0834720288403332
0.491709134075791
0.112677128287032
0.123258688021451
0.66748008527793
0.432859748834744
0.904560322174802
0.138732064981014
0.941353099886328
0.0479171362239867
0.547251029871404
0.54634199780412
0.487994593568146
0.116948970593512
0.896205822005868
0.397173433564603
0.0310586194973439
0.000772956991568208
0.494414161890745
0.877246471121907
0.652803358621895
0.561524163465947
0.929023242788389
0.329343042103574
0.700448632705957
0.251767721027136
0.0362653492484242
0.20970458118245
0.137186140753329
0.794497485505417
0.22481352952309
0.615702603012323
0.150023359339684
0.688926984556019
0.7514977757819
0.201406387612224
0.594666239107028
0.211871853098273
0.120892561972141
0.529156240867451
0.676689711865038
0.338647496653721
0.49949307879433
0.141615441301838
0.15320191369392
0.251902549760416
0.461157517042011
0.716159233590588
0.0655491619836539
0.530798327643424
0.25892367050983
0.914634271524847
0.570385191589594
0.0256297523155808
0.963654845720157
0.0680136880837381
0.634034222923219
0.0914450224954635
0.481118303490803
0.0618601043242961
0.81464766105637
0.10569687304087
0.844835805008188
0.185603774618357
0.218812885461375
0.110521123977378
