0.587677780305967
0.360905701294541
0.233735799323767
0.235949674388394
0.273330713622272
0.123424713732675
0.322661374462768
0.603281437652186
0.788427204359323
0.921506015118212
0.0337981146294624
0.872988376533613
0.784537873929366
0.291270409943536
0.271746695507318
0.884318306809291
0.513063381891698
0.316043499391526
0.795362600591034
0.390606541186571
0.421195682138205
0.854853477329016
0.999500562204048
0.587283681379631
0.569440467981622
0.382628914667293
0.377880363492295
0.217706588795409
0.95579498517327
0.782994327601045
0.0852470768149942
0.748496131272987
0.105733621865511
0.25294993002899
0.813591328682378
0.628024632576853
0.818123845150694
0.50968210445717
0.321456187637523
0.548892419785261
0.450296802679077
0.591320680687204
0.42032691068016
0.930069765308872
0.0357891959138215
0.908743154956028
0.612188924569637
0.732436782214791
0.762683214154094
0.648757026530802
0.871351687936112
0.433010888751596
0.543698558351025
0.835527237737551
0.118211766937748
0.358586458722129
0.446764750638977
0.959224601043388
0.571363236289471
0.347091660136357
0.296065458329394
0.628679089713842
0.621517984429374
0.253209232119843
0.353519446216524
0.00692164525389671
0.0464625263120979
0.0523705736268312
0.173774161143228
0.310525055974722
0.444749826332554
0.604314549127594
0.930436292430386
0.546366255963221
0.0459049630444497
0.0875024895649403
0.855119141051546
0.498890299350023
0.683318090857938
0.0824206511024386
0.495121491840109
0.0957527162972838
0.009162035305053
0.598323604557663
0.631677686469629
0.531278499169275
0.974254145286977
0.665475718211383
0.665393939241767
0.409085266990587
0.14838706725277
0.573480490129441
0.931097364984453
0.453721407102421
0.30827240482904
0.576474062399939
0.133642420871183
0.0572350369766355
0.22564267530106
0.60804703598842
