0.211767216911539
0.258321322035044
0.613926435820758
0.0914637963287532
0.532287473790348
0.566930198809132
0.868046597810462
0.61707676993683
0.452081810915843
0.078358604805544
0.55275356862694
0.0239062458276749
0.760932302568108
0.934248951030895
0.635407511377707
0.724344381829724
0.00824303925037384
0.502924944274127
0.754546711221337
0.161840281449258
0.976247386308387
0.716848016018048
0.446500663645566
0.801184715004638
0.854828065494075
0.856666584732011
0.976947563234717
0.165779723087326
0.322045211447403
0.4669932522811
0.00761007401160896
0.461218516342342
0.525924310320988
0.261461156886071
0.904900590423495
0.770159336971119
0.0977004205342382
0.748884654836729
0.173980221385136
0.35005325707607
0.386909783119336
0.936768614687026
0.44837750075385
0.876916761044413
0.256584201939404
0.809816576773301
0.190467139473185
0.306587518425658
0.256488736020401
0.705564401578158
0.358661370584741
0.27803028235212
0.128755943384022
0.638281837338582
0.728752481518313
0.396713953232393
0.765196753200144
0.635614383267239
0.746584614505991
0.829936436144635
0.30232000304386
0.756818780209869
0.495949501404539
0.711424484150484
0.503553152550012
0.0384847121313214
0.359963878290728
0.751943832961842
0.61758563038893
0.567661863751709
0.260433288523927
0.112636285834014
0.919837747234851
0.876936969114468
0.680011342978105
0.736023566685617
0.539009289350361
0.437807326205075
0.865119006019086
0.466420523589477
0.961205078987405
0.0230698368977755
0.998706350335851
0.179946072166786
0.54625870520249
0.132741962559521
0.0622775026131421
0.287955459905788
0.0278767019044608
0.175699924817309
0.00691472948528826
0.140670761000365
0.0615313039161265
0.13892295723781
0.979814528720453
0.898797899950296
0.139601985691115
0.92081286967732
0.34580630925484
0.569818169344217
