0.952597385738045
0.00697784777730703
0.43391150701791
0.240943797631189
0.925614444538951
0.815681260777637
0.211268819170073
0.726987788686529
0.0503266104497015
0.5142012743745
0.463971274672076
0.709239786490798
0.0692750078160316
0.578527523437515
0.89357782760635
0.68354573007673
0.392622298793867
0.155524468515068
0.548073917161673
0.0845476877875626
0.519123625010252
0.753460843814537
0.602273437427357
0.215935191838071
0.221190525451675
0.493106064619496
0.849043909460306
0.799417780479416
0.330155730014667
0.135513982968405
0.834079748485237
0.730401059612632
0.498195059364662
0.701722571859136
0.778648330131546
0.676502230810001
0.591341971885413
0.374736248981208
0.475958582479507
0.356542165158316
0.942742610583082
0.070098539814353
0.0572471423074603
0.399343385128304
0.748945933766663
0.966663165949285
0.916564474580809
0.976907315896824
0.333016157383099
0.763057155534625
0.425214179093018
0.110003831330687
0.771831689402461
0.215205021901056
0.166915600188076
0.721328726736829
0.70523842680268
0.291769094299525
0.146081780781969
0.898095352808014
0.892361464677379
0.416735996026546
0.0851758760400116
0.636595910415053
0.382147271418944
0.470319936284795
0.9393751823809
0.62658631009981
0.524620570940897
0.70018047047779
0.60842310404405
0.29387725982815
0.561770180705935
0.398708990076557
0.341455626068637
0.12167208455503
0.437330223619938
0.271195821231231
0.763023788109422
0.917464530095458
0.981315259356052
0.55740503501147
0.686106750974432
0.239347881404683
0.978598322719336
0.152428781380877
0.291159490356222
0.667844469891861
0.250021528219804
0.109119185712188
0.746054362971336
0.682328952942044
0.895184795372188
0.691785713657737
0.246712172636762
0.709113229531795
0.852325352607295
0.678953200113028
0.265091656241566
0.939555619377643
