0.421811581589282
0.586484947009012
0.493071556091309
0.678963321726769
0.331239134073257
0.735234658466652
0.153196112252772
0.553039671154693
0.21912433532998
0.84736855328083
0.761882958235219
0.0549992539454252
0.231056672520936
0.552570342086256
0.466245553223416
0.370975724654272
0.951910960488021
0.884030726505443
0.925609315512702
0.735801820177585
0.199870526092127
0.187177902786061
0.141714902827516
0.364934595301747
0.685476853279397
0.253411910962313
0.900393704418093
0.193584047723562
0.612041629385203
0.789951803395525
0.449074665317312
0.406892412342131
0.130917439935729
0.570333085255697
0.611612166278064
0.961585305165499
0.44015602231957
0.974259600508958
0.833046938525513
0.308625025907531
0.864036828279495
0.807522451970726
0.497794347116724
0.85806374065578
0.102041494799778
0.293492879718542
0.269069374073297
0.736825440544635
0.41099674673751
0.432677518343553
0.192292153369635
0.676796750165522
0.226862795650959
0.191434507491067
0.311806524405256
0.917023661080748
0.352083423407748
0.139712378382683
0.181098207132891
0.706577753415331
0.684570485493168
0.54185306886211
0.751241539372131
0.0873475200496614
0.897152647608891
0.0127849411219358
0.453159870812669
0.463858672883362
0.65716205094941
0.0607463063206524
0.808280120138079
0.695801422465593
0.444072526879609
0.940781528595835
0.958428924437612
0.718914898578078
0.887316260952502
0.13069714861922
0.619327990803868
0.984898598631844
0.857403156813234
0.518666518619284
0.269142637494951
0.506824889685959
0.464696354465559
0.64048969023861
0.161780495895073
0.992168694967404
0.237701486097649
0.545671608764678
0.40658776415512
0.129393833689392
0.961121785920113
0.69287590472959
0.0589212633203715
0.912626063451171
0.0683830024208874
0.357081718044356
0.865823373664171
0.504088476998731
