0.982712076278403
0.643334927968681
0.462213244754821
0.00683793588541448
0.599882528884336
0.693333840696141
0.769963496131822
0.874300942989066
0.826264747651294
0.214659163961187
0.311663319822401
0.610049675218761
0.317536167567596
0.899179424392059
0.0868571021128446
0.579564051004127
0.007323217112571
0.920728213852271
0.0740253911353648
0.807682268088683
0.668013348709792
0.531287637772039
0.352857943624258
0.131670105736703
0.138759798603132
0.341481596231461
0.894803907955065
0.636647811392322
0.930942687671632
0.669340010732412
0.136478515341878
0.370943286456168
0.20622484642081
0.0048809596337378
0.488919459981844
0.925217547221109
0.363512192619964
0.464494812767953
0.749644880183041
0.785911119775847
0.175206830957904
0.963139087660238
0.0439625347498804
0.534281397936866
0.430640594568104
0.814820045838133
0.348908429499716
0.0717604458332062
0.333986855112016
0.584168456494808
0.266641902038828
0.320956611074507
0.472823319490999
0.593678375938907
0.262391489930451
0.963451049290597
0.603791723959148
0.131711770081893
0.582875853637233
0.671698093414307
0.687294833362103
0.782990047242492
0.291658950271085
0.366815178887919
0.497247076127678
0.642764108488336
0.62957432330586
0.626259095966816
0.169269442791119
0.360959855606779
0.807171431137249
0.958422873169184
0.504405628656968
0.031179164070636
0.526993024628609
0.714280122425407
0.771203898824751
0.794093302218243
0.197739023016766
0.350863182917237
0.155660742428154
0.135458373464644
0.448022222612053
0.55665278295055
0.808812529314309
0.431929472601041
0.965047571575269
0.567875357810408
0.61302394606173
0.395867441082373
0.474394068587571
0.406615219078958
0.379551075864583
0.686735338764265
0.531714209588245
0.503161452477798
0.252348268171772
0.910565044498071
0.348890020279214
0.245877451729029
