0.158522078068927
0.144360058475286
0.192074884194881
0.235704438062385
0.306597249349579
0.731862606015056
0.122884080046788
0.388024031650275
0.795057402690873
0.0181651066523045
0.0607894086278975
0.885619814274833
0.112094559939578
0.406285408418626
0.851735547883436
0.0332488596905023
0.867030073655769
0.74379952182062
0.467039754148573
0.624172498239204
0.887641038978472
0.485813748789951
0.873929730849341
0.807766796322539
0.242400077404454
0.859988225623965
0.832538911839947
0.824693466769531
0.904326885938644
0.615391121245921
0.323897241381928
0.343120773788542
0.414346208795905
0.528658138588071
0.0869399013463408
0.250596200115979
0.655502075795084
0.970821821130812
0.83584221964702
0.433556240983307
0.119804175104946
0.900690639391541
0.982120590982959
0.41120629478246
0.553767680190504
0.735782354371622
0.792118517216295
0.783439793158323
0.520757931284606
0.417498552706093
0.85331943933852
0.80737437820062
0.962817485211417
0.297400975367054
0.834469338180497
0.733821124071255
0.323320802301168
0.665179969044402
0.170656029833481
0.814720717724413
0.439338202122599
0.81488008517772
0.303522654110566
0.349327482050285
0.163105173036456
0.764101142296568
0.426627080421895
0.574194753309712
0.767712860833853
0.665810765931383
0.97382168029435
0.490024065598845
0.407081229379401
0.67765781423077
0.711042669834569
0.894245104631409
0.576735968003049
0.445293240016326
0.962069310247898
0.426947640720755
0.668119131121784
0.571042358176783
0.62598795350641
0.737489475635812
0.748179532820359
0.348164201481268
0.138170354533941
0.481476101325825
0.391255777096376
0.367798413848504
0.297740581911057
0.73430072166957
0.345556555548683
0.31010703323409
0.32963575120084
0.220216422341764
0.431765142362565
0.343178360257298
0.83459880342707
0.12060209736228
