0.177624489180744
0.601768039399758
0.165388892404735
0.599992520874366
0.682492824969813
0.638800014508888
0.274218404199928
0.607749052345753
0.368396492209285
0.532706828089431
0.250054488424212
0.628276315750554
0.934945928864181
0.175534888869151
0.121824944857508
0.671647972194478
0.913732242770493
0.26081668981351
0.733491715043783
0.160252223024145
0.255079836351797
0.192736705299467
0.548387394053861
0.0677278551738709
0.198974939528853
0.213223057566211
0.54041799926199
0.069155159406364
0.629423547768965
0.38354579731822
0.823370767058805
0.287196695106104
0.224102352745831
0.665588036878034
0.790686608059332
0.0947242970578372
0.379155859351158
0.684579567750916
0.200253228889778
0.55577931762673
0.583062748191878
0.730012374464422
0.804320154013112
0.00867530703544617
0.157538668485358
0.529533518245444
0.771579955238849
0.182557492749766
0.000501839909702539
0.807288090698421
0.0542702279053628
0.784381830599159
0.643469065660611
0.41685598436743
0.981808208627626
0.907508719014004
0.760253570508212
0.77302817767486
0.222274051047862
0.51189338741824
0.934452536515892
0.464506143704057
0.108360168058425
0.191505232127383
0.909679460572079
0.983057951554656
0.177014301065356
0.643665625480935
0.570432330248877
0.0593602403532714
0.128372421720996
0.707055221544579
0.491092458600178
0.19359491718933
0.192293590167537
0.906388387316838
0.175218565389514
0.0795387111138552
0.178408339619637
0.126886394806206
0.0413954614195973
0.0990200988017023
0.926125856814906
0.832851120969281
0.190223186975345
0.933508469723165
0.300719599472359
0.980473267612979
0.166301674675196
0.116071383468807
0.119432729203254
0.91719379555434
0.327307063853368
0.531094617908821
0.919925218215212
0.945677996613085
0.778864805819467
0.715585712809116
0.366031643468887
0.210940077435225
