0.990074813598767
0.369768059113994
0.340863742632791
0.518637484172359
0.307125476654619
0.217359297676012
0.0989279390778393
0.996920551871881
0.238711243961006
0.258529433049262
0.708571140654385
0.158621449023485
0.373361363774166
0.629058537771925
0.0115822160150856
0.084108927519992
0.525129955960438
0.16785856243223
0.241692499956116
0.994366750586778
0.818774079205468
0.620796454139054
0.243158722529188
0.758986097294837
0.361921943258494
0.765309238573536
0.932123792357743
0.815291340695694
0.767514337552711
0.109153363388032
0.680104579543695
0.09840376698412
0.496784634655342
0.0387360171880573
0.360206934856251
0.936067554401234
0.711997786071151
0.427749791182578
0.660000879317522
0.357610833598301
0.852472770959139
0.0162280271761119
0.625492379069328
0.813673774013296
0.146468276856467
0.597104083746672
0.0812304732389748
0.836139560909942
0.867281994083896
0.553440074902028
0.741826844168827
0.86284068855457
0.372018752619624
0.803336672484875
0.877599238185212
0.731118082068861
0.0087953801266849
0.806952897692099
0.157071319641545
0.908978588180616
0.792424764018506
0.949397803051397
0.298523296136409
0.141716724028811
0.272663406329229
0.137914161430672
0.55272350856103
0.211081284331158
0.621453766478226
0.931641198694706
0.177112884819508
0.722070212243125
0.748886661836877
0.589329696027562
0.136724941665307
0.841615034965798
0.252985903061926
0.47749055037275
0.487026143353432
0.190562966279685
0.376504053361714
0.253283998463303
0.0700813450384885
0.837378143565729
0.590848409570754
0.143962734844536
0.204555315198377
0.48423850373365
0.484800388803706
0.574636451201513
0.018498337129131
0.963068992365152
0.0117702225688845
0.817239430267364
0.913785004289821
0.609905958175659
0.740355993621051
0.525470991851762
0.995632052188739
0.629969904199243
