0.128912388114259
0.280623452272266
0.791827223962173
0.94877891545184
0.418331434251741
0.271886497270316
0.158053115010262
0.144859380321577
0.749261374818161
0.675585623830557
0.670271477429196
0.754658021498471
0.468129394575953
0.56341450009495
0.318369369022548
0.0629402752965689
0.755137047497556
0.456740492023528
0.114996602991596
0.232267713872716
0.158752519637346
0.723525607725605
0.0590263542253524
0.985908997477964
0.131874835817143
0.064474229933694
0.417111400747672
0.158899343572557
0.559496436035261
0.143831983208656
0.509827520465478
0.609253093600273
0.35968190501444
0.93622596678324
0.179782971739769
0.792582230642438
0.684488406637684
0.861867224099115
0.381462160730734
0.675130642717704
0.356238568667322
0.224518233677372
0.976509649539366
0.0578196202404797
0.269904632354155
0.638426431454718
0.598068345105276
0.901947248959914
0.0942407806869596
0.012138953898102
0.15404368727468
0.0838341815397143
0.903594630537555
0.969045309349895
0.334202668862417
0.970499278977513
0.946697475854307
0.0068872757256031
0.323097878135741
0.663779380032793
0.494700477691367
0.4757171634119
0.761427855119109
0.930097102653235
0.97958588344045
0.724862941075116
0.762969682924449
0.151148274308071
0.856057375436649
0.36074401345104
0.281840756768361
0.300350456964225
0.672492017270997
0.0587109092157334
0.443730951752514
0.493692648597062
0.564144894713536
0.0937698436900973
0.368551210267469
0.093113403301686
0.721950943348929
0.364790790947154
0.985253459308296
0.615992305567488
0.908838365226984
0.718531630933285
0.827359420480207
0.969637387897819
0.945819750893861
0.533723858650774
0.274734443519264
0.814507566392422
0.0234457978513092
0.500442563556135
0.692219890654087
0.266404345398769
0.224018095992506
0.518082337919623
0.0784501214511693
0.324040165869519
