0.614972102222964
0.766376624116674
0.357508964370936
0.452775501878932
0.397605791455135
0.216671932023019
0.40828877594322
0.879594500176609
0.674431019229814
0.205233938526362
0.173545395256951
0.805908323032781
0.219907701946795
0.945742619922385
0.10964386514388
0.297833049204201
0.0256045793648809
0.233485347591341
0.107764169573784
0.386914270929992
0.507124232128263
0.560930210864171
0.953139028977603
0.967779823346063
0.975631259847432
0.838438139529899
0.955453233094886
0.209209172520787
0.13706133607775
0.151941464515403
0.419152363436297
0.400839917594567
0.493936731480062
0.476713917218149
0.0407715083565563
0.361183409579098
0.667978988029063
0.796893071150407
0.978261270327494
0.0302575032692403
0.247390442993492
0.436307354597375
0.714400651631877
0.359454587567598
0.737305420450866
0.371951865963638
0.788700259756297
0.345390352420509
0.842050050152466
0.939955091336742
0.192557566333562
0.235601813532412
0.859026889316738
0.424934331560507
0.959063394460827
0.337852951372042
0.538457492832094
0.565768632339314
0.591167338890955
0.629469817737117
0.492889319080859
0.541614290792495
0.704145043157041
0.265938497846946
0.681814977666363
0.479051982751116
0.624624690739438
0.0913514825515449
0.729521733243018
0.720307354815304
0.489081549923867
0.520838894881308
0.736777694197372
0.674248685827479
0.299451259896159
0.290875278646126
0.720326402457431
0.81216947757639
0.720902908127755
0.969926049932837
0.371400809846818
0.655214592348784
0.866771042579785
0.737338662613183
0.340528724715114
0.803005183348432
0.151916266884655
0.702288248110563
0.142165769590065
0.0693048459943384
0.858993127476424
0.0855774336960167
0.658691525924951
0.11662811669521
0.568491260753945
0.811170380329713
0.982548660133034
0.192714241100475
0.9809684837237
0.751575728878379
