0.437631434993818
0.791594482958317
0.383219293085858
0.373988437931985
0.523804335622117
0.876653987914324
0.233081945450976
0.370819996111095
0.610031941905618
0.687871786998585
0.482142079621553
0.659935249015689
0.143231601919979
0.24663728941232
0.841714821057394
0.975654883310199
0.618278912967071
0.433023540303111
0.19200150994584
0.170802984386683
0.281962597277015
0.273104310501367
0.515826572198421
0.911414706148207
0.692855750443414
0.78472214192152
0.652767549268901
0.838344770483673
0.781851940322667
0.483378803590313
0.590476814424619
0.969538880512118
0.334849062142894
0.170069347368553
0.270414112601429
0.0464403089135885
0.181328491773456
0.864219739567488
0.640706009697169
0.992539411410689
0.808744620764628
0.00793765019625425
0.556985836708918
0.0671833511441946
0.822448241757229
0.0701904119923711
0.663050830364227
0.348502177512273
0.744061502162367
0.0254141869954765
0.201360003557056
0.515634205425158
0.0272301586810499
0.220800266135484
0.624483137857169
0.48640553932637
0.216584581648931
0.691171325510368
0.286291570868343
0.213640297530219
0.522243277868256
0.988560369936749
0.281158205820248
0.797558110905811
0.22007807972841
0.220364623237401
0.272527780849487
0.402453747577965
0.23543253261596
0.765294926473871
0.0421632300131023
0.860666542546824
0.667379037942737
0.928434666944668
0.830040705390275
0.395127934636548
0.973171023419127
1.78744085133076e-05
0.837752608582377
0.364356179023162
0.552499901736155
0.538853516569361
0.988168343203142
0.133702993392944
0.0229891226626933
0.0622164423111826
0.855240843724459
0.52980798878707
0.671385743422434
0.335847217589617
0.642099748598412
0.49057629541494
0.997421715641394
0.564577762503177
0.480006429832429
0.965650429017842
0.602673552464694
0.604440006893128
0.148336124839261
0.171755285235122
