0.626952977618203
0.980138597544283
0.320664191385731
0.576124060899019
0.059271301375702
0.211970822187141
0.0847456499468535
0.185901351971552
0.730805752333254
0.853902026778087
0.42233673715964
0.361533767776564
0.124205285683274
0.510604992276058
0.942870824132115
0.039980300469324
0.767228421522304
0.978625010000542
0.604501351946965
0.795827722642571
0.458975363057107
0.495054937666282
0.291035479400307
0.300820811185986
0.620511875487864
0.38253266713582
0.034893344854936
0.343613922130316
0.588787861168385
0.307578879175708
0.691556799225509
0.387276332592592
0.70155519223772
0.204625984421
0.824064403772354
0.502586656715721
0.334265077486634
0.439467343967408
0.252578740008175
0.39295361074619
0.984827698906884
0.770119184628129
0.568634685827419
0.891932878410444
0.249362091301009
0.34224684163928
0.949889964656904
0.988638104638085
0.200913434382528
0.250893459422514
0.267525121336803
0.899254296440631
0.843407082604244
0.503782377578318
0.759425688302144
0.624474833253771
0.187184904702008
0.507742241956294
0.268714172532782
0.850932207889855
0.814365743193775
0.745561494259164
0.536252333084121
0.484546331688762
0.709346253424883
0.147946960991248
0.860161953838542
0.318089635344222
0.785177497426048
0.234803340397775
0.596913560060784
0.500963214086369
0.0085680796764791
0.190836382796988
0.351814131252468
0.142989161191508
0.260470690438524
0.390984357101843
0.976673702476546
0.0472739385440946
0.000144375022500753
0.941743104951456
0.62947579100728
0.496397457784042
0.289570878492668
0.712817858438939
0.122864160453901
0.3716146920342
0.301705086603761
0.760265908204019
0.803145581390709
0.22700353898108
0.372739036101848
0.261595546035096
0.361873556859791
0.21537352935411
0.441415219334885
0.573517815209925
0.188046431168914
0.108569161500782
