0.101795328315347
0.281576790381223
0.617441413458437
0.150846008909866
0.903689325554296
0.36788095254451
0.593456079252064
0.459175263298675
0.488969806348905
0.45500548183918
0.77390109654516
0.283435991266742
0.0516156803350896
0.595880365464836
0.304463239619508
0.472597042098641
0.880977805471048
0.193912116345018
0.943620351608843
0.509206240298226
0.0328650125302374
0.163517029490322
0.496305651497096
0.927363002672791
0.220593010773882
0.520436610560864
0.924843600252643
0.0570029092486948
0.131532343570143
0.71549441292882
0.743887748336419
0.185103758703917
0.122078192187473
0.972482310142368
0.696483889361843
0.0871527781710029
0.180992770940065
0.190801359014586
0.359676299151033
0.0686749720480293
0.395817107055336
0.420165297342464
0.367190635064617
0.549664213322103
0.304613078711554
0.27193863526918
0.693392456742004
0.542890303069726
0.803623620187864
0.520559385186061
0.61388925742358
0.137633350910619
0.188728292938322
0.0676757150795311
0.836692198878154
0.426126318285242
0.931773638818413
0.51644179224968
0.806842481950298
0.269468432059512
0.396014479221776
0.360884838039055
0.550491965841502
0.395427244948223
0.794718295801431
0.347701958846301
0.104100061114877
0.290911267278716
0.238067384343594
0.374326706398278
0.909989113220945
0.787723705172539
0.773348202928901
0.828369208378717
0.693556864978746
0.751219016499817
0.0715905458200723
0.871613039867952
0.119229965377599
0.720856233732775
0.0676276956219226
0.193044538609684
0.0595141206867993
0.277200198965147
0.0932124303653836
0.160653351340443
0.574568830430508
0.4528313272167
0.971023722784594
0.33047658810392
0.275060863932595
0.168673160253093
0.503294424852356
0.869544987333938
0.635176910087466
0.117886482272297
0.292406106600538
0.989487738581374
0.041883152211085
0.0789087107405066
