0.112344799563289
0.144701076904312
0.416983179515228
0.209251122316346
0.597227595979348
0.0621355660259724
0.756711579859257
0.624250024324283
0.231094331480563
0.927241401514038
0.475031364476308
0.657631743466482
0.0205943211913109
0.161391108995304
0.062872044974938
0.58700375049375
0.271558013744652
0.73244109749794
0.762458900688216
0.428554905112833
0.255518281133845
0.660842834739015
0.613737327046692
0.562975442735478
0.866456189192832
0.214137385133654
0.387368488358334
0.432941361796111
0.594239152036607
0.648263419512659
0.443590152543038
0.773486324818805
0.476893860846758
0.96228155400604
0.270969283068553
0.168971249600872
0.989987522363663
0.0684274781960994
0.0918501997366548
0.962652498856187
0.994062477024272
0.965404727496207
0.500720773590729
0.173323832219467
0.149920887313783
0.594102075556293
0.227979268180206
0.0986363203264773
0.0671385983005166
0.881965250475332
0.845200438983738
0.698377640219405
0.843513650353998
0.0663098192308098
0.656903939088807
0.206296003423631
0.737539780093357
0.230942669324577
0.73917936370708
0.61583715560846
0.582412647781894
0.902121633058414
0.117866060463712
0.101527500431985
0.705450696870685
0.419163786340505
0.72437272570096
0.422388322651386
0.554258613381535
0.205765129299834
0.787075500003994
0.0613108004909009
0.998244136106223
0.686165923718363
0.359274632995948
0.622539685107768
0.238085185410455
0.148838578956202
0.0750594267155975
0.0143985545728356
0.786715300520882
0.412196251098067
0.428730501560494
0.0255250865593553
0.782781109912321
0.195735383080319
0.243703641463071
0.199540919391438
0.185267354827374
0.15633151656948
0.139566127443686
0.239598428132012
0.650662609143183
0.623926831642166
0.436858884291723
0.890926488442346
0.0171962333843112
0.896563321817666
0.241426414111629
0.584671655204147
