0.247168362839147
0.726587784476578
0.641679557273164
0.148813706357032
0.619559302926064
0.11461011134088
0.326129447901621
0.662568403873593
0.822312494972721
0.379200077848509
0.762760595884174
0.102228536037728
0.158904519397765
0.98023866978474
0.653008362278342
0.406053605489433
0.328402281040326
0.625853849109262
0.723067693412304
0.446548833046108
0.903090887935832
0.326316466554999
0.311650132061914
0.0758266572374851
0.447063519619405
0.197550267912447
0.719355450710282
0.00643125851638615
0.128200789447874
0.9872874438297
0.506453795358539
0.153698357753456
0.757414318621159
0.595541366375983
0.667524573858827
0.991612627403811
0.94794899597764
0.653694399166852
0.973782624583691
0.396275368519127
0.951704323058948
0.244051391491666
0.020471929339692
0.862483277916908
0.142820991808549
0.854780226480216
0.47997563588433
0.679068682948127
0.527559288078919
0.63470151135698
0.601222610333934
0.07994404155761
0.598644763929769
0.472466420847923
0.135520920157433
0.208905128063634
0.623654999770224
0.695045228814706
0.142942904261872
0.551311515271664
0.980841018958017
0.826882908586413
0.735555479535833
0.576937419129536
0.932790995808318
0.62529412843287
0.591089581837878
0.99449459486641
0.353436855599284
0.176482906099409
0.915280801709741
0.797357821837068
0.352059725904837
0.338330936618149
0.290166168473661
0.468141127610579
0.159666383173317
0.486821508733556
0.0572158750146627
0.411833114456385
0.203626504866406
0.190676891012117
0.194308927748352
0.798559478484094
0.91904179030098
0.215070180827752
0.108875910518691
0.400534342275932
0.510796362999827
0.921331399818882
0.827080915914848
0.14714772393927
0.544011435005814
0.101887687575072
0.235936866607517
0.138928150990978
0.395171662792563
0.297502155881375
0.627406660933048
0.363554198062047
