0.336727014975622
0.514149485854432
0.77113289013505
0.61090088984929
0.668035815004259
0.699855285231024
0.853561877040192
0.0676677916198969
0.437915039947256
0.247011790052056
0.501248523592949
0.0513252632226795
0.385690074879676
0.161738007096574
0.246296965749934
0.329310676315799
0.0116045621689409
0.880191398551688
0.450992855476215
0.715013199718669
0.379393997136503
0.939283004263416
0.871284991735592
0.150356188649312
0.600601985352114
0.325061853276566
0.086869133869186
0.0357575060334057
0.489577466389164
0.00367190735414624
0.59544042753987
0.247717255260795
0.530116681009531
0.437136318534613
0.1643750842195
0.747675349237397
0.509391833329573
0.700299982912838
0.335691919084638
0.00982102914713323
0.959733810508624
0.763065838022158
0.117423201678321
0.816051092231646
0.0975366241764277
0.626066675642505
0.940277790185064
0.772998245200142
0.130063704447821
0.648979278746992
0.245905467541888
0.721943740732968
0.0646393306087703
0.437119232723489
0.942740065045655
0.812938662711531
0.395183502463624
0.278394373133779
0.119143292540684
0.295848531648517
0.828303947811946
0.453117997618392
0.114007301162928
0.553372913971543
0.614193368935958
0.48102215398103
0.155229878379032
0.919929291121662
0.786824017297477
0.214753170497715
0.526217888575047
0.965877228882164
0.491437822114676
0.897596841910854
0.76100979722105
0.279727116925642
0.358952393988147
0.745873172301799
0.472669096896425
0.858094932045788
0.602274522185326
0.702167067443952
0.87270914693363
0.77102994103916
0.0922086387872696
0.610189789207652
0.933532111579552
0.503606420941651
0.333983198506758
0.00866648834198713
0.600523260422051
0.715318624163046
0.0720465262420475
0.832271931692958
0.730725354747847
0.960193522274494
0.439038816606626
0.0755276118870825
0.935820532031357
0.855868906946853
