0.13906745496206
0.0547395716421306
0.141028087586164
0.610950401984155
0.350984924705699
0.85740103200078
0.56868222146295
0.00408339779824018
0.0605210927315056
0.0213282874319702
0.851562252268195
0.547211541328579
0.390401344513521
0.418998705456033
0.987917338032275
0.546391401672736
0.177273254841566
0.703978498699144
0.928243654314429
0.753637017915025
0.128502023406327
0.571388412034139
0.514165024971589
0.138671939028427
0.968714168295264
0.444972289493307
0.679022319847718
0.706830149749294
0.61673229187727
0.289005579659715
0.545051894383505
0.302566135767847
0.156912073958665
0.338676573475823
0.628017510753125
0.7592364680022
0.115363514982164
0.887498548720032
0.13201748742722
0.429576056310907
0.718158781761304
0.819530497072265
0.965862430399284
0.930236708838493
0.196358685847372
0.141362160909921
0.113214805955067
0.399895630544052
0.788839422864839
0.736450087977573
0.244133518310264
0.84596748300828
0.215655930107459
0.25048802094534
0.15057644341141
0.0361123306211084
0.977342528989539
0.125809939112514
0.282003739383072
0.372149789240211
0.786258718464524
0.110268460121006
0.265159335918725
0.34954973240383
0.801236071623862
0.047643807483837
0.0562185260932893
0.599879461573437
0.504205977311358
0.994387531420216
0.662233028793707
0.0627115394454449
0.514786410843953
0.873862738255411
0.534810620825738
0.164872247725725
0.0772791521158069
0.789813735056669
0.669938293751329
0.652703173225746
0.337341442937031
0.690202037338167
0.272804302163422
0.488361617783085
0.385043158894405
0.702511020936072
0.975328435655683
0.903891429770738
0.925957722123712
0.570057779550552
0.273457559756935
0.124641522532329
0.117558640195057
0.0748674473725259
0.0704773354809731
0.606359619647264
0.972614611964673
0.256295941304415
0.471292551839724
0.114543816773221
