0.39816633448936
0.142542066518217
0.79096319922246
0.58348011597991
0.0104249147698283
0.265718905255198
0.527435305062681
0.145318455528468
0.830031301127747
0.369972879299894
0.230823484947905
0.427781221223995
0.713457723380998
0.509026727639139
0.643907857127488
0.421558112371713
0.99221445643343
0.076724540675059
0.478682513115928
0.0757022623438388
0.136427259305492
0.389935839455575
0.744710199534893
0.279579056892544
0.282637453870848
0.833558119134977
0.528734077466652
0.399711571400985
0.0104402499273419
0.516765560489148
0.885885428171605
0.594987431075424
0.226544796023518
0.209603126626462
0.745554483728483
0.574351906310767
0.871161618735641
0.360831205965951
0.432057497557253
0.122063945746049
0.593791703926399
0.983468466904014
0.971078909700736
0.724189823726192
0.719637661473826
0.188760226825252
0.448387153679505
0.683672261657193
0.551645184168592
0.766990517964587
0.235692533198744
0.345083750551566
0.938520804513246
0.364979796810076
0.194766635540873
0.0824509228114039
0.20716771367006
0.200090654194355
0.588752373354509
0.964441255200654
0.376932861981913
0.808681521564722
0.102276062825695
0.489402121398598
0.548301741946489
0.23569074133411
0.427380351582542
0.748489697696641
0.32211451465264
0.559812728315592
0.0554030630737543
0.284860737621784
0.774600309319794
0.443603995954618
0.482649077428505
0.448402070906013
0.892028384143487
0.97033289889805
0.295492868404835
0.461903114104643
0.69654893502593
0.199535157298669
0.536369926761836
0.498885731678456
0.437792694894597
0.750189639395103
0.337851760210469
0.533070413861424
0.442259716335684
0.252777623943985
0.476378623628989
0.563119381666183
0.806580763077363
0.341718898620456
0.407712704036385
0.785485201748088
0.186324510490522
0.934501979500055
0.623744311509654
0.109350735787302
