0.616082492982969
0.590443073771894
0.997168594039977
0.0418572302442044
0.264931060373783
0.276089902734384
0.80505146109499
0.297460678732023
0.84752822178416
0.708389520877972
0.0895294148940593
0.750029952963814
0.0308951856568456
0.981192603008822
0.751357229193673
0.497296436456963
0.707789218751714
0.431233827024698
0.380870626773685
0.646420130971819
0.227806699229404
0.370747787412256
0.71436058008112
0.941830626456067
0.3339038931299
0.91166423400864
0.0937043242156506
0.303113137604669
0.858142663259059
0.468100548023358
0.560357995564118
0.463587525067851
0.331402602838352
0.57618693378754
0.882759517757222
0.551947921747342
0.264462700113654
0.442816348280758
0.4446881278418
0.473989627789706
0.436436290387064
0.669251594925299
0.893803155981004
0.0736222553532571
0.728939491324127
0.270814466290176
0.776329707354307
0.986837052274495
0.714652506168932
0.654029115103185
0.248783393530175
0.707200872711837
0.598260626895353
0.92063560616225
0.428707435028628
0.000826546689495444
0.822414335329086
0.22587584448047
0.0650610742159188
0.633855470921844
0.199922189582139
0.642471546307206
0.0714607099071145
0.760756171774119
0.0957783777266741
0.123152303975075
0.556247631087899
0.0673503638245165
0.745727626373991
0.0700798209290951
0.0530960548203439
0.572477655252442
0.570269224233925
0.672160477144644
0.504851188510656
0.399859342724085
0.104867335641757
0.807738219853491
0.760344445239753
0.132822806714103
0.123892553616315
0.404716785764322
0.497517074458301
0.92330054147169
0.659939216449857
0.0144407211337239
0.871726892655715
0.528556041419506
0.288795404834673
0.746672492707148
0.0899149684701115
0.251371407415718
0.827589090913534
0.517556365346536
0.219826725544408
0.599420901853591
0.36017175600864
0.102848433889449
0.290941539919004
0.525902974419296
