0.328644745051861
0.277379743289202
0.286577610764652
0.0154713259544224
0.0680417048279196
0.0648815711028874
0.337464492768049
0.597889041993767
0.157237602164969
0.566533037694171
0.359282637946308
0.951166192535311
0.603185983374715
0.563129416666925
0.0241470620967448
0.911285462323576
0.131699610268697
0.513508511940017
0.367342229001224
0.181759044993669
0.354900387348607
0.730873204302043
0.955437193624675
0.479834838071838
0.256770338397473
0.909998913295567
0.0929924331139773
0.392688162392005
0.810190609423444
0.882822701707482
0.370105598587543
0.975831392221153
0.289334709988907
0.073268951382488
0.0908179406542331
0.490506713045761
0.693944551283494
0.625737641239539
0.79520887718536
0.363060275092721
0.645933525869623
0.056343896780163
0.549352707574144
0.249979072716087
0.980099072912708
0.920522670261562
0.382470492273569
0.0678439193870872
0.540210179053247
0.417339149629697
0.621545577654615
0.968928580405191
0.369668940082192
0.176862030988559
0.885507656726986
0.760100440355018
0.18502085399814
0.611602396005765
0.71341603435576
0.00867990497499704
0.0124531525652856
0.246495179831982
0.839007304050028
0.855324621545151
0.33138006227091
0.106449827551842
0.707120194565505
0.742740004556254
0.677721062675118
0.998129789950326
0.965425749542192
0.736425675218925
0.161389659391716
0.298534549539909
0.755912988446653
0.301131975371391
0.636693137697875
0.248852798482403
0.432544513838366
0.987435800256208
0.367251284886152
0.0941657696384937
0.753464459441602
0.0314793975558132
0.519771947758272
0.884469189448282
0.491208601742983
0.437961019575596
0.47834429750219
0.32743515027687
0.318111763102934
0.262346491217613
0.0823804291430861
0.606012277305126
0.0339709876570851
0.145014660200104
0.149764942936599
0.498639659956098
0.974312903592363
0.905809491872787
