0.473095518304035
0.741360330721363
0.920245630433783
0.964558681240305
0.884429272031412
0.656833386281505
0.661423912039027
0.228480618679896
0.826037168968469
0.178783007431775
0.767578466562554
0.530863951425999
0.381014578975737
0.332506698556244
0.358729826053604
0.49224650952965
0.508535201195627
0.318406977457926
0.68298656004481
0.257920999545604
0.0777276025619358
0.00478365831077099
0.828770899446681
0.839911309070885
0.569564861943945
0.345291970530525
0.395597861614078
0.600189428310841
0.210138377267867
0.443905735621229
0.240803882712498
0.415253047365695
0.648557599633932
0.98373978654854
0.679769945796579
0.204955726396292
0.630839246790856
0.0758418056648225
0.24718446098268
0.72591737145558
0.460980725940317
0.123565663350746
0.876457393635064
0.655279483180493
0.221338384551927
0.747438439633697
0.55788785754703
0.680551544763148
0.806439526379108
0.534350974485278
0.283699971390888
0.60738993389532
0.130714541999623
0.809414349030703
0.827939638169482
0.965673435712233
0.755910374224186
0.190019221510738
0.932472475804389
0.197745684301481
0.253299743169919
0.969017074676231
0.762449044035748
0.711924479110166
0.714570272481069
0.223433393985033
0.783856208901852
0.994610369438305
0.616912203608081
0.867107315454632
0.504537852015346
0.280780450673774
0.516068695811555
0.455626968992874
0.545313984155655
0.434440167155117
0.671100851148367
0.65426081023179
0.960508638294414
0.215498049044982
0.242318637436256
0.881171372486278
0.603694980265573
0.144654077477753
0.848444581730291
0.748172288993374
0.0371189587749541
0.897462748456746
0.547191250137985
0.525226890807971
0.116885181050748
0.0654879615176469
0.491519168950617
0.00826482940465212
0.679849865380675
0.436118822544813
0.918677464360371
0.706671634921804
0.682366250315681
0.447628324385732
