0.655375759582967
0.929251951398328
0.130373292602599
0.701172035420313
0.0213753934949636
0.336024620337412
0.330442611360922
0.125112833455205
0.167531488230452
0.309532871004194
0.628401179332286
0.211905822856352
0.942896517692134
0.978108215145767
0.323882129974663
0.842589296633378
0.409088383661583
0.494977927999571
0.858429977903143
0.745486154220998
0.612549013691023
0.323838667944074
0.290889610070735
0.390592602314427
0.612085484201089
0.397269561886787
0.473800604231656
0.808855896349996
0.599966083653271
0.371205885428935
0.955653845565394
0.662331544794142
0.196230973815545
0.453684889245778
0.791359507478774
0.793701829155907
0.770817093085498
0.05529052647762
0.225340317701921
0.874756406061351
0.952585547231138
0.34925570897758
0.431859099538997
0.390824225964025
0.431402157060802
0.0476525332778692
0.300257007125765
0.410005533834919
0.216406485065818
0.417156850220636
0.969296723138541
0.604148573009297
0.252690956462175
0.369281193707138
0.106767342891544
0.910549499560148
0.665011732606217
0.903154780855402
0.481947246007621
0.121520381886512
0.0972479125484824
0.0220397741068155
0.938095875782892
0.0998569966759533
0.962005510460585
0.424053955124691
0.214597128098831
0.649591596098617
0.971770045580342
0.867056681541726
0.750637418590486
0.242421737639233
0.922296352917328
0.509265529923141
0.921720938989893
0.334798964206129
0.608793080318719
0.231877792393789
0.028663789620623
0.386140782386065
0.773752235108986
0.465763492044061
0.483351147500798
0.178998143412173
0.989550715312362
0.352771105011925
0.37974083609879
0.00638982746750116
0.631728596519679
0.269805599702522
0.248560336185619
0.89515921054408
0.764701898675412
0.33628311031498
0.547933510271832
0.34135974268429
0.179732185788453
0.0446015412453562
0.20012164930813
0.652566916076466
