0.788530298275873
0.351035204483196
0.637033229926601
0.69034066516906
0.906560654984787
0.921036480693147
0.615617784438655
0.418717106571421
0.546782245161012
0.752254057209939
0.461832980858162
0.0878925591241568
0.265641747275367
0.635290873702615
0.466226478805766
0.746846826514229
0.920382287353277
0.426607143832371
0.583433146355674
0.109227534383535
0.390809854725376
0.263155993307009
0.415537958033383
0.308365139411762
0.864892466925085
0.930651735747233
0.41423855163157
0.990162064787
0.0674941847100854
0.365587417734787
0.542652601376176
0.960846592439339
0.276753132464364
0.474470836110413
0.0137107595801353
0.277681996114552
0.484388413606212
0.114833180094138
0.1453828192316
0.845360924722627
0.64212951506488
0.931421430315822
0.694348033051938
0.269591079792008
0.112183455144987
0.358090534573421
0.95075406995602
0.318509456468746
0.739044988993555
0.911189281381667
0.411235448671505
0.912915332475677
0.960566788678989
0.786792985163629
0.298890052363276
0.701320921303704
0.684318635379896
0.0638660229742527
0.50132328690961
0.285338423680514
0.794737734133378
0.12872897577472
0.395881782984361
0.914624966448173
0.171651923796162
0.423697972903028
0.817569822072983
0.996068514417857
0.0473438242916018
0.651989322621375
0.821463792119175
0.512736489763483
0.356263694586232
0.893366205040365
0.276732870843261
0.786083453102037
0.0708512261044234
0.715402106521651
0.980211359681562
0.427483470411971
0.988984077470377
0.498559758299962
0.58836593106389
0.0360383577644825
0.434098039520904
0.316581899300218
0.097807029960677
0.138930163346231
0.611396882217377
0.257055259076878
0.719703336013481
0.151557258330286
0.195958117488772
0.0940238984767348
0.044032045872882
0.522032893728465
0.517436544410884
0.64324980485253
0.63881962094456
0.288898769998923
