0.65835791407153
0.1312938882038
0.927085958654061
0.0356500255875289
0.147464141016826
0.420467555290088
0.170611454872414
0.851786869810894
0.121963613899425
0.357528146356344
0.843953069765121
0.594528424786404
0.748603260843083
0.580709579633549
0.590537755517289
0.782979311887175
0.375710126943886
0.855070160934702
0.577881099656224
0.843824889976531
0.695115879643708
0.434839218156412
0.679477469064295
0.817633567610756
0.826798602705821
0.409427014179528
0.320542369503528
0.856813656399027
0.476605386240408
0.0681685879826546
0.755753807956353
0.0761252080556005
0.660609730985016
0.799734713742509
0.796190537977964
0.807776025729254
0.816657696152106
0.0236739206593484
0.559974709292874
0.778391614323482
0.22965298849158
0.937453234801069
0.36356670036912
0.091494252672419
0.874624501680955
0.0733146225102246
0.675440296530724
0.436680719489232
0.026354935253039
0.301133984932676
0.166873082285747
0.290666599292308
0.822509526507929
0.530454556224868
0.622493242379278
0.168465188937262
0.521834187908098
0.723632677691057
0.430768208578229
0.402385001536459
0.560304357670248
0.140319865196943
0.734939265996218
0.0382058771792799
0.353182520018891
0.853424367494881
0.701939174905419
0.159147033235058
0.939669582759961
0.215067623648793
0.608318983577192
0.92110741417855
0.6387550374493
0.0842581160832196
0.50055168941617
0.887075745500624
0.612329411320388
0.611864314414561
0.656493422342464
0.55813603149727
0.138281996594742
0.409088142449036
0.458033287432045
0.488737880717963
0.217565987724811
0.86005862429738
0.978429414797574
0.400975336320698
0.550534988055006
0.798665543552488
0.0428357801865786
0.906252802815288
0.92844704631716
0.446529615204781
0.147964217234403
0.100246353307739
0.101364653557539
0.12991517689079
0.658896540291607
0.950765135930851
