0.232834809226915
0.762727033114061
0.306596181355417
0.373208194272593
0.986203895416111
0.205600947840139
0.843033721437678
0.324771935353056
0.860501275165007
0.475681042997167
0.117741626687348
0.96975109865889
0.505106596741825
0.465566040948033
0.564202641369775
0.641210848931223
0.779512998415157
0.885459707351401
0.327374954009429
0.403025952167809
0.69505249033682
0.896487222518772
0.600319005083293
0.972865165676922
0.499957656254992
0.32172182505019
0.519151641754434
0.0347600856330246
0.780725763645023
0.579953306354582
0.317781264893711
0.931097702588886
0.0650482054334134
0.0212578552309424
0.205219773808494
0.570461637806147
0.858930795453489
0.540357813006267
0.915741368429735
0.150580924702808
0.977757476503029
0.770026170648634
0.0729173624422401
0.572663076221943
0.969378436217085
0.847705995896831
0.104737748857588
0.472582184011117
0.300252017332241
0.557645870139822
0.0731109045445919
0.0482581441756338
0.44038800499402
0.843257626984268
0.768343579955399
0.363940394716337
0.311734381597489
0.372843552846462
0.635845768032596
0.408413811121136
0.857597323600203
0.592877212911844
0.67782904417254
0.242632110370323
0.517322052503005
0.218297725077718
0.441310841822997
0.532172811217606
0.478462102357298
0.546418126439676
0.807471472769976
0.458482929738238
0.932576744351536
0.652911198092625
0.597163031343371
0.300373596604913
0.95838139904663
0.644805915886536
0.0858822874724865
0.465908440528437
0.767775375861675
0.0805369743611664
0.945812943158671
0.742707226192579
0.220227524405345
0.221644468838349
0.459798475028947
0.589106093393639
0.539156443905085
0.959177332697436
0.170232126954943
0.900553977815434
0.806998564163223
0.357469119597226
0.75372575619258
0.603179417317733
0.913806069409475
0.912805218715221
0.681682574795559
0.677052326034755
