0.110663782339543
0.0831021445337683
0.149687893223017
0.218880201457068
0.782854908145964
0.075747249647975
0.491380454041064
0.846719416091219
0.486340986331925
0.029029656201601
0.0677310491446406
0.360900446772575
0.325763883534819
0.475656697293743
0.923022428061813
0.867818382568657
0.372450976399705
0.0418789805844426
0.852855543140322
0.828391094924882
0.577954194974154
0.144844086840749
0.493225776590407
0.198572184890509
0.919645480113104
0.864105358021334
0.380767177557573
0.501804487081245
0.321725433459505
0.689330934779719
0.144953760318458
0.787372527644038
0.837595104938373
0.367644942831248
0.271876669256017
0.548089353367686
0.925493434304371
0.877294327132404
0.351813966641203
0.498136654961854
0.365955946734175
0.984030007617548
0.63209265912883
0.168032994028181
0.598894521826878
0.22504050238058
0.175611572340131
0.248270950512961
0.994240951957181
0.633372370153666
0.704154546139762
0.766315318178385
0.0716533232480288
0.698479711078107
0.952119934372604
0.979337726486847
0.657697569578886
0.137340428307652
0.794171136105433
0.413957100827247
0.289243959356099
0.445724257966504
0.0183099838905036
0.600666024256498
0.935867191292346
0.629338692640886
0.87332609645091
0.15251416224055
0.317288783146068
0.943424314260483
0.293963669799268
0.490539691643789
0.544733431655914
0.84454432874918
0.321176616009325
0.589287229115143
0.727768311277032
0.166856346419081
0.479314914904535
0.715872082626447
0.195430786116049
0.7209901669994
0.0266295962501317
0.689020910533145
0.0875816035550088
0.486038683215156
0.49560140282847
0.378784402273595
0.302161787869409
0.084981074091047
0.0504597090184689
0.399337545502931
0.328283748356625
0.224945213412866
0.0746094326023012
0.70544387307018
0.641380725195631
0.589330027578399
0.475244339089841
0.6330005468335
