0.269557676278055
0.645417010178789
0.0710456776432693
0.942352588055655
0.458755122730508
0.0677931339014322
0.603006943827495
0.840284454636276
0.77591626229696
0.661181597271934
0.904022438451648
0.572091574082151
0.584355686092749
0.376128428149968
0.931559258606285
0.483731457265094
0.45253699272871
0.0316684548743069
0.567011046921834
0.367822150001302
0.804756629280746
0.801521494751796
0.456515660509467
0.948851691093296
0.0762256099842489
0.0536861233413219
0.639390349388123
0.480942841852084
0.861246727406979
0.692366930888966
0.100942104356363
0.360037475358695
0.465640935814008
0.409992192639038
0.404384859604761
0.43326272838749
0.86413608957082
0.45405598776415
0.864727402571589
0.089157696114853
0.236618283903226
0.0280257675331086
0.895938117988408
0.478975676232949
0.391915373504162
0.947348370449618
0.953344698762521
0.22925498848781
0.121569743379951
0.82548768306151
0.266477430937812
0.953574710991234
0.0105336157139391
0.496458475245163
0.724291508086026
0.601286052493379
0.862642470281571
0.47144176159054
0.818602070910856
0.334557161433622
0.0995796700008214
0.277422664454207
0.492950373794883
0.12958646286279
0.359039726899937
0.353046848671511
0.100046273553744
0.681870921514928
0.059172828681767
0.0644598780199885
0.483825867064297
0.400712316855788
0.527518098941073
0.438748490530998
0.184933165553957
0.267654792871326
0.89085418288596
0.663340122671798
0.927195131778717
0.555716378847137
0.999579564435408
0.699172819498926
0.296121742576361
0.270555585389957
0.058221987914294
0.537507347529754
0.553981930948794
0.829887289088219
0.581706573488191
0.298099658917636
0.937692123698071
0.192293812753633
0.797294751508161
0.772885573562235
0.780818066792563
0.323608701117337
0.198370676720515
0.519953729584813
0.799241630360484
0.92014081729576
