0.0262080316897482
0.838639691239223
0.395292581757531
0.349019896239042
0.973035983974114
0.446972269332036
0.879566736984998
0.152071605669335
0.461889125872403
0.324818184133619
0.797143057687208
0.624869657447562
0.633921199478209
0.950873071560636
0.584546219557524
0.587490087142214
0.0445810151286423
0.804737779079005
0.725768234115094
0.987953030271456
0.793404386611655
0.0871559283696115
0.231989520834759
0.239943193504587
0.155996286310256
0.299231133423746
0.701254472834989
0.223586491774768
0.692090938333422
0.592516450909898
0.318378734635189
0.301819235319272
0.702223516069353
0.123299578437582
0.909575395286083
0.214535697596148
0.48171899956651
0.919604247668758
0.551167516037822
0.402013877406716
0.34038952132687
0.846094934036955
0.399369609542191
0.555312898708507
0.941293885232881
0.20330745424144
0.758582849288359
0.054726573638618
0.452300988137722
0.603634252678603
0.172536709811538
0.914342744741589
0.542425216874108
0.869777290150523
0.757319697411731
0.490126858931035
0.0512654972262681
0.782307815272361
0.894480515038595
0.688126989174634
0.438564511016011
0.5680380044505
0.344091314589605
0.188615347491577
0.698455282021314
0.655095183057711
0.378024319419637
0.229421521071345
0.65580268856138
0.324777866015211
0.606149358674884
0.522667359327897
0.804935287218541
0.748137974645942
0.927546274615452
0.315393703989685
0.502983099780977
0.324710768414661
0.576701078331098
0.499873569700867
0.119211534503847
0.0219536961521953
0.38093771901913
0.877455086447299
0.339413272216916
0.373370741028339
0.681321656098589
0.741815851768479
0.062547899549827
0.358469065045938
0.505986016942188
0.910024895798415
0.504835338331759
0.648371494840831
0.900644555920735
0.083418425405398
0.210607394343242
0.19585390179418
0.196166248526424
0.0353977303020656
