0.150579065550119
0.839420566568151
0.794066083850339
0.120297175366431
0.672598402248695
0.678754833061248
0.877864167094231
0.93806694005616
0.218751619104296
0.214620237937197
0.381413782713935
0.254368563881144
0.0591658598277718
0.3978114312049
0.937262722523883
0.0459194753784686
0.210032249800861
0.262663224944845
0.693316619377583
0.35836950968951
0.0233757498208433
0.871782342437655
0.603740890976042
0.706424796720967
0.186498446390033
0.010272505460307
0.951497147791088
0.912903654389083
0.163190330378711
0.13229148904793
0.444502404658124
0.431421642424539
0.686541996430606
0.0825833661947399
0.930430035572499
0.38322963565588
0.0210082510020584
0.253250039881095
0.250789423473179
0.951938781887293
0.794956946279854
0.719853368587792
0.830805792706087
0.787526062922552
0.308146589901298
0.0726796498056501
0.294150659814477
0.144185335375369
0.163331201300025
0.399348285980523
0.0563929921481758
0.256212244043127
0.893446105066687
0.736711661564186
0.315866283606738
0.423525092191994
0.279453269438818
0.537171671399847
0.325043704593554
0.575658340007067
0.542848318116739
0.3349976351019
0.980598328402266
0.99362950050272
0.700740499421954
0.870903986971825
0.519867231603712
0.327475729864091
0.384465940529481
0.816211842233315
0.196511320071295
0.437691533239558
0.951231354381889
0.1853853687644
0.907917032716796
0.316523037152365
0.808837383519858
0.382024522870779
0.729349298169836
0.160542442929
0.374114687787369
0.207594874547794
0.643876715330407
0.0366068098228425
0.896481903735548
0.130893674911931
0.999066699529067
0.714734512846917
0.680605428759009
0.107366373063996
0.718077330617234
0.0282350149936974
0.012438262347132
0.535421261098236
0.225942293414846
0.613861650461331
0.996257624821737
0.476381383370608
0.3225992040243
0.478442590450868
